3 0.4071180555555556 0.2204861111111111 0.012152777777777778 0.036458333333333336
2 0.7586805555555556 0.3055555555555556 0.008680555555555556 0.044270833333333336
2 0.5859375 0.2578125 0.011284722222222222 0.0390625
3 0.6215277777777778 0.328125 0.011284722222222222 0.051215277777777776
2 0.6180555555555556 0.3758680555555556 0.015625 0.05295138888888889
2 0.7473958333333334 0.3289930555555556 0.010416666666666666 0.052083333333333336
2 0.4262152777777778 0.3159722222222222 0.012152777777777778 0.04774305555555555
2 0.7664930555555556 0.3758680555555556 0.011284722222222222 0.058159722222222224
2 0.5842013888888888 0.4036458333333333 0.012152777777777778 0.06163194444444445
2 0.7951388888888888 0.3776041666666667 0.013020833333333334 0.057291666666666664
2 0.6597222222222222 0.4366319444444444 0.012152777777777778 0.059895833333333336
2 0.8255208333333334 0.4175347222222222 0.011284722222222222 0.06510416666666667
2 0.4921875 0.4383680555555556 0.014756944444444444 0.059895833333333336
2 0.8862847222222222 0.5243055555555556 0.014756944444444444 0.0703125
2 0.4392361111111111 0.6909722222222222 0.016493055555555556 0.07552083333333333
2 0.34375 0.4383680555555556 0.013020833333333334 0.06076388888888889
2 0.5095486111111112 0.5494791666666666 0.014756944444444444 0.07118055555555555
1 0.06770833333333333 0.453125 0.009548611111111112 0.06076388888888889
2 0.8958333333333334 0.6258680555555556 0.016493055555555556 0.0703125
2 0.4322916666666667 0.5078125 0.017361111111111112 0.06684027777777778
2 0.5815972222222222 0.6979166666666666 0.024305555555555556 0.0859375
2 0.6597222222222222 0.5190972222222222 0.015625 0.0703125
2 0.7786458333333334 0.6588541666666666 0.019965277777777776 0.078125