3 0.4157986111111111 0.2569444444444444 0.0078125 0.029513888888888888
2 0.2300347222222222 0.4131944444444444 0.016493055555555556 0.058159722222222224
2 0.1684027777777778 0.4782986111111111 0.016493055555555556 0.04079861111111111
2 0.4756944444444444 0.3776041666666667 0.012152777777777778 0.041666666666666664
1 0.1527777777777778 0.3793402777777778 0.015625 0.041666666666666664
2 0.3133680555555556 0.3715277777777778 0.016493055555555556 0.0390625
2 0.4861111111111111 0.3307291666666667 0.013888888888888888 0.03993055555555555
2 0.328125 0.4123263888888889 0.012152777777777778 0.04600694444444445
3 0.3315972222222222 0.4626736111111111 0.009548611111111112 0.052083333333333336
2 0.5963541666666666 0.3689236111111111 0.013020833333333334 0.05381944444444445
2 0.2152777777777778 0.4409722222222222 0.012152777777777778 0.04774305555555555
2 0.859375 0.4713541666666667 0.012152777777777778 0.052083333333333336
2 0.4730902777777778 0.4852430555555556 0.010416666666666666 0.05555555555555555
2 0.8298611111111112 0.4288194444444444 0.012152777777777778 0.052083333333333336
3 0.9366319444444444 0.8168402777777778 0.016493055555555556 0.0842013888888889
2 0.3940972222222222 0.4279513888888889 0.013888888888888888 0.043402777777777776
2 0.5060763888888888 0.4270833333333333 0.016493055555555556 0.050347222222222224
2 0.7899305555555556 0.4852430555555556 0.011284722222222222 0.05381944444444445
2 0.6102430555555556 0.5746527777777778 0.013888888888888888 0.059027777777777776
2 0.5850694444444444 0.4696180555555556 0.017361111111111112 0.05381944444444445
2 0.75 0.4722222222222222 0.014756944444444444 0.05381944444444445
2 0.8090277777777778 0.5902777777777778 0.014756944444444444 0.06770833333333333
0 0.17881944444444445 0.4991319444444444 0.005208333333333333 0.008680555555555556
2 0.1684027777777778 0.4696180555555556 0.0234375 0.04079861111111111