3 0.3333333333333333 0.2092013888888889 0.009548611111111112 0.036458333333333336
2 0.5616319444444444 0.2170138888888889 0.015625 0.03993055555555555
3 0.5902777777777778 0.3098958333333333 0.009548611111111112 0.05642361111111111
2 0.6918402777777778 0.2673611111111111 0.009548611111111112 0.042534722222222224
2 0.6727430555555556 0.2881944444444444 0.009548611111111112 0.051215277777777776
2 0.5277777777777778 0.3038194444444444 0.009548611111111112 0.04774305555555555
2 0.4626736111111111 0.4357638888888889 0.017361111111111112 0.0685763888888889
2 0.3940972222222222 0.2925347222222222 0.016493055555555556 0.049479166666666664
2 0.5894097222222222 0.3645833333333333 0.011284722222222222 0.058159722222222224
2 0.7595486111111112 0.3506944444444444 0.014756944444444444 0.058159722222222224
2 0.4835069444444444 0.3559027777777778 0.012152777777777778 0.058159722222222224
2 0.4548611111111111 0.4965277777777778 0.014756944444444444 0.07552083333333333
2 0.4357638888888889 0.3880208333333333 0.013020833333333334 0.06510416666666667
2 0.7274305555555556 0.3142361111111111 0.012152777777777778 0.0546875
2 0.8489583333333334 0.6354166666666666 0.017361111111111112 0.07725694444444445
2 0.8324652777777778 0.6032986111111112 0.015625 0.07291666666666667
2 0.4973958333333333 0.6640625 0.018229166666666668 0.078125
2 0.8463541666666666 0.4618055555555556 0.015625 0.07118055555555555
2 0.2907986111111111 0.3975694444444444 0.014756944444444444 0.06163194444444445
2 0.4661458333333333 0.6380208333333334 0.014756944444444444 0.0876736111111111
2 0.6475694444444444 0.4574652777777778 0.015625 0.0642361111111111
2 0.7847222222222222 0.3663194444444444 0.012152777777777778 0.06163194444444445
0 0.4079861111111111 0.3125 0.006076388888888889 0.013888888888888888