3 0.2013888888888889 0.20225694444444445 0.013888888888888888 0.044270833333333336
2 0.4973958333333333 0.21788194444444445 0.009548611111111112 0.042534722222222224
2 0.4513888888888889 0.203125 0.011284722222222222 0.052083333333333336
2 0.5963541666666666 0.1970486111111111 0.013020833333333334 0.049479166666666664
2 0.4253472222222222 0.2664930555555556 0.011284722222222222 0.052083333333333336
3 0.5651041666666666 0.2960069444444444 0.014756944444444444 0.058159722222222224
2 0.5546875 0.2951388888888889 0.012152777777777778 0.058159722222222224
2 0.6258680555555556 0.22743055555555555 0.014756944444444444 0.050347222222222224
2 0.4097222222222222 0.3324652777777778 0.019097222222222224 0.06597222222222222
2 0.2378472222222222 0.2421875 0.016493055555555556 0.05295138888888889
2 0.7821180555555556 0.3697916666666667 0.013888888888888888 0.06944444444444445
2 0.3454861111111111 0.2855902777777778 0.013020833333333334 0.058159722222222224
2 0.8194444444444444 0.4010416666666667 0.019965277777777776 0.0720486111111111
2 0.1935763888888889 0.3585069444444444 0.011284722222222222 0.06684027777777778
2 0.4600694444444444 0.328125 0.014756944444444444 0.06597222222222222
2 0.578125 0.3663194444444444 0.013020833333333334 0.0642361111111111
2 0.7586805555555556 0.328125 0.014756944444444444 0.06597222222222222
2 0.3498263888888889 0.4418402777777778 0.016493055555555556 0.07291666666666667
2 0.9027777777777778 0.5564236111111112 0.019965277777777776 0.07899305555555555
2 0.6041666666666666 0.5494791666666666 0.019097222222222224 0.1015625
2 0.3819444444444444 0.5677083333333334 0.026909722222222224 0.0842013888888889
2 0.9236111111111112 0.6302083333333334 0.021701388888888888 0.0859375
0 0.34375 0.3116319444444444 0.005208333333333333 0.012152777777777778