3 0.3576388888888889 0.24913194444444445 0.006944444444444444 0.027777777777777776
2 0.5043402777777778 0.2925347222222222 0.009548611111111112 0.041666666666666664
2 0.6692708333333334 0.3307291666666667 0.011284722222222222 0.03819444444444445
3 0.5555555555555556 0.3567708333333333 0.009548611111111112 0.046875
2 0.6892361111111112 0.3342013888888889 0.011284722222222222 0.04513888888888889
2 0.609375 0.4045138888888889 0.008680555555555556 0.049479166666666664
2 0.3715277777777778 0.6840277777777778 0.021701388888888888 0.06510416666666667
2 0.7256944444444444 0.3810763888888889 0.010416666666666666 0.051215277777777776
2 0.5902777777777778 0.3975694444444444 0.014756944444444444 0.050347222222222224
2 0.4548611111111111 0.4279513888888889 0.013888888888888888 0.05381944444444445
2 0.7604166666666666 0.4279513888888889 0.012152777777777778 0.05642361111111111
2 0.7135416666666666 0.3862847222222222 0.011284722222222222 0.051215277777777776
3 0.9513888888888888 0.7352430555555556 0.021701388888888888 0.078125
2 0.6414930555555556 0.7013888888888888 0.020833333333333332 0.07899305555555555
2 0.3090277777777778 0.3776041666666667 0.010416666666666666 0.051215277777777776
2 0.4383680555555556 0.5277777777777778 0.011284722222222222 0.06510416666666667
2 0.4045138888888889 0.4479166666666667 0.013020833333333334 0.05295138888888889
2 0.6276041666666666 0.5546875 0.017361111111111112 0.06597222222222222
2 0.06076388888888889 0.4817708333333333 0.013888888888888888 0.05642361111111111
2 0.6458333333333334 0.4279513888888889 0.012152777777777778 0.05381944444444445
2 0.8559027777777778 0.6354166666666666 0.014756944444444444 0.06684027777777778
2 0.828125 0.5164930555555556 0.014756944444444444 0.06076388888888889
2 0.4878472222222222 0.6050347222222222 0.016493055555555556 0.06944444444444445
2 0.7769097222222222 0.6684027777777778 0.022569444444444444 0.07118055555555555
0 0.3637152777777778 0.7065972222222222 0.006076388888888889 0.012152777777777778