2 0.2725694444444444 0.2795138888888889 0.0234375 0.050347222222222224
3 0.2699652777777778 0.19791666666666666 0.016493055555555556 0.03819444444444445
2 0.5729166666666666 0.1996527777777778 0.010416666666666666 0.042534722222222224
2 0.5295138888888888 0.23697916666666666 0.008680555555555556 0.03819444444444445
2 0.2638888888888889 0.2899305555555556 0.017361111111111112 0.0546875
2 0.6145833333333334 0.2378472222222222 0.013888888888888888 0.04513888888888889
2 0.453125 0.2204861111111111 0.009548611111111112 0.04079861111111111
2 0.5286458333333334 0.2708333333333333 0.015625 0.051215277777777776
2 0.3732638888888889 0.3776041666666667 0.026909722222222224 0.059027777777777776
2 0.4045138888888889 0.2925347222222222 0.013020833333333334 0.051215277777777776
3 0.453125 0.4105902777777778 0.010416666666666666 0.06336805555555555
2 0.3767361111111111 0.2526041666666667 0.010416666666666666 0.04774305555555555
2 0.5581597222222222 0.2725694444444444 0.011284722222222222 0.05295138888888889
2 0.21180555555555555 0.3932291666666667 0.016493055555555556 0.059895833333333336
2 0.7256944444444444 0.2855902777777778 0.011284722222222222 0.05381944444444445
2 0.2951388888888889 0.3758680555555556 0.013888888888888888 0.06076388888888889
2 0.2977430555555556 0.2534722222222222 0.019965277777777776 0.050347222222222224
2 0.6362847222222222 0.3324652777777778 0.012152777777777778 0.059027777777777776
2 0.18229166666666666 0.5234375 0.019097222222222224 0.0703125
2 0.2309027777777778 0.4305555555555556 0.017361111111111112 0.0685763888888889
2 0.1701388888888889 0.6953125 0.022569444444444444 0.09461805555555555
2 0.7925347222222222 0.5243055555555556 0.019965277777777776 0.08072916666666667
0 0.6102430555555556 0.2543402777777778 0.006076388888888889 0.012152777777777778