0 0.6484375 0.2795138888888889 0.006076388888888889 0.011284722222222222
2 0.4600694444444444 0.1987847222222222 0.0078125 0.0390625
3 0.21875 0.1953125 0.008680555555555556 0.041666666666666664
2 0.3012152777777778 0.23958333333333334 0.009548611111111112 0.044270833333333336
2 0.3958333333333333 0.2881944444444444 0.012152777777777778 0.049479166666666664
2 0.3585069444444444 0.3446180555555556 0.012152777777777778 0.059895833333333336
2 0.6944444444444444 0.2899305555555556 0.009548611111111112 0.0546875
2 0.6354166666666666 0.2265625 0.017361111111111112 0.04513888888888889
2 0.4409722222222222 0.2743055555555556 0.012152777777777778 0.05381944444444445
2 0.2465277777777778 0.2907986111111111 0.014756944444444444 0.058159722222222224
2 0.1918402777777778 0.3559027777777778 0.014756944444444444 0.06076388888888889
2 0.6197916666666666 0.2994791666666667 0.013888888888888888 0.0546875
3 0.4644097222222222 0.4175347222222222 0.012152777777777778 0.06684027777777778
2 0.24131944444444445 0.7630208333333334 0.030381944444444444 0.10069444444444445
2 0.3767361111111111 0.4383680555555556 0.014756944444444444 0.0685763888888889
2 0.1831597222222222 0.3350694444444444 0.012152777777777778 0.05555555555555555
2 0.6059027777777778 0.3628472222222222 0.013888888888888888 0.059895833333333336
2 0.1623263888888889 0.4470486111111111 0.021701388888888888 0.0720486111111111
2 0.5746527777777778 0.3177083333333333 0.012152777777777778 0.05381944444444445
2 0.4210069444444444 0.4418402777777778 0.018229166666666668 0.06684027777777778
2 0.17881944444444445 0.4661458333333333 0.017361111111111112 0.07465277777777778
2 0.8368055555555556 0.5564236111111112 0.025173611111111112 0.0798611111111111
2 0.1545138888888889 0.5651041666666666 0.025173611111111112 0.07725694444444445