3 0.3046875 0.1953125 0.010416666666666666 0.033854166666666664
2 0.5694444444444444 0.2326388888888889 0.010416666666666666 0.041666666666666664
2 0.3576388888888889 0.2517361111111111 0.011284722222222222 0.044270833333333336
2 0.3741319444444444 0.3116319444444444 0.010416666666666666 0.05295138888888889
0 0.6649305555555556 0.6362847222222222 0.0078125 0.013888888888888888
2 0.6380208333333334 0.2803819444444444 0.016493055555555556 0.052083333333333336
2 0.6909722222222222 0.6206597222222222 0.0234375 0.08246527777777778
2 0.3732638888888889 0.3967013888888889 0.013020833333333334 0.049479166666666664
2 0.578125 0.3168402777777778 0.012152777777777778 0.0546875
2 0.4548611111111111 0.2960069444444444 0.012152777777777778 0.05295138888888889
2 0.3029513888888889 0.5434027777777778 0.019097222222222224 0.07552083333333333
2 0.2743055555555556 0.3098958333333333 0.012152777777777778 0.058159722222222224
2 0.4045138888888889 0.3654513888888889 0.013888888888888888 0.059027777777777776
2 0.2534722222222222 0.3142361111111111 0.013020833333333334 0.051215277777777776
3 0.3732638888888889 0.4461805555555556 0.013888888888888888 0.06944444444444445
2 0.6553819444444444 0.3159722222222222 0.012152777777777778 0.058159722222222224
2 0.22743055555555555 0.3671875 0.013020833333333334 0.0642361111111111
2 0.6223958333333334 0.3845486111111111 0.013020833333333334 0.06597222222222222
2 0.2578125 0.6684027777777778 0.026909722222222224 0.08680555555555555
2 0.5894097222222222 0.5711805555555556 0.0234375 0.0720486111111111
2 0.8298611111111112 0.3324652777777778 0.013888888888888888 0.05555555555555555
2 0.4348958333333333 0.8012152777777778 0.036458333333333336 0.09895833333333333
2 0.24739583333333334 0.4800347222222222 0.013888888888888888 0.0703125