2 0.4756944444444444 0.2421875 0.011284722222222222 0.04079861111111111
2 0.4826388888888889 0.2604166666666667 0.008680555555555556 0.04079861111111111
2 0.5954861111111112 0.3055555555555556 0.008680555555555556 0.04079861111111111
3 0.19270833333333334 0.22743055555555555 0.009548611111111112 0.03819444444444445
3 0.5581597222222222 0.3350694444444444 0.010416666666666666 0.05381944444444445
2 0.6449652777777778 0.2725694444444444 0.012152777777777778 0.049479166666666664
2 0.3888888888888889 0.3376736111111111 0.009548611111111112 0.057291666666666664
2 0.7934027777777778 0.4322916666666667 0.018229166666666668 0.0685763888888889
2 0.4279513888888889 0.2951388888888889 0.011284722222222222 0.05295138888888889
2 0.5980902777777778 0.3420138888888889 0.011284722222222222 0.05295138888888889
2 0.4097222222222222 0.3411458333333333 0.009548611111111112 0.0546875
2 0.6293402777777778 0.2725694444444444 0.011284722222222222 0.04774305555555555
2 0.7465277777777778 0.3845486111111111 0.011284722222222222 0.057291666666666664
2 0.078125 0.3897569444444444 0.009548611111111112 0.06163194444444445
2 0.21354166666666666 0.2855902777777778 0.014756944444444444 0.04774305555555555
2 0.7881944444444444 0.5564236111111112 0.019097222222222224 0.0720486111111111
2 0.7647569444444444 0.4427083333333333 0.017361111111111112 0.05642361111111111
2 0.7100694444444444 0.3472222222222222 0.018229166666666668 0.06076388888888889
2 0.5355902777777778 0.4244791666666667 0.021701388888888888 0.06076388888888889
2 0.6892361111111112 0.7057291666666666 0.020833333333333332 0.0842013888888889
2 0.23524305555555555 0.3758680555555556 0.015625 0.058159722222222224
2 0.2126736111111111 0.5598958333333334 0.018229166666666668 0.0798611111111111
0 0.2204861111111111 0.3072916666666667 0.005208333333333333 0.012152777777777778