2 0.5329861111111112 0.21961805555555555 0.013020833333333334 0.030381944444444444
3 0.22569444444444445 0.21006944444444445 0.009548611111111112 0.04861111111111111
2 0.6744791666666666 0.234375 0.019097222222222224 0.052083333333333336
2 0.6597222222222222 0.2309027777777778 0.014756944444444444 0.046875
2 0.4852430555555556 0.2682291666666667 0.012152777777777778 0.0546875
3 0.546875 0.3055555555555556 0.017361111111111112 0.058159722222222224
2 0.24305555555555555 0.2708333333333333 0.013888888888888888 0.058159722222222224
2 0.5737847222222222 0.3072916666666667 0.014756944444444444 0.05555555555555555
2 0.3559027777777778 0.6197916666666666 0.017361111111111112 0.09114583333333333
2 0.3784722222222222 0.3020833333333333 0.013888888888888888 0.06163194444444445
2 0.1953125 0.3810763888888889 0.016493055555555556 0.0685763888888889
2 0.3446180555555556 0.3680555555555556 0.013888888888888888 0.06770833333333333
2 0.4418402777777778 0.3897569444444444 0.016493055555555556 0.06684027777777778
2 0.7760416666666666 0.3611111111111111 0.016493055555555556 0.0685763888888889
2 0.3723958333333333 0.4878472222222222 0.013888888888888888 0.07465277777777778
2 0.7925347222222222 0.328125 0.013888888888888888 0.0685763888888889
2 0.6189236111111112 0.4053819444444444 0.019965277777777776 0.06944444444444445
2 0.8203125 0.4262152777777778 0.019097222222222224 0.07118055555555555
2 0.8723958333333334 0.6831597222222222 0.020833333333333332 0.08940972222222222
2 0.5572916666666666 0.6493055555555556 0.0234375 0.08333333333333333
2 0.8897569444444444 0.5824652777777778 0.017361111111111112 0.08159722222222222
0 0.4869791666666667 0.2282986111111111 0.004340277777777778 0.010416666666666666
2 0.4869791666666667 0.21006944444444445 0.013888888888888888 0.046875