3 0.3307291666666667 0.3125 0.006076388888888889 0.025173611111111112
2 0.4418402777777778 0.3567708333333333 0.011284722222222222 0.03298611111111111
3 0.4939236111111111 0.3932291666666667 0.008680555555555556 0.03298611111111111
2 0.6293402777777778 0.4331597222222222 0.008680555555555556 0.036458333333333336
1 0.9114583333333334 0.421875 0.012152777777777778 0.0390625
2 0.6328125 0.5234375 0.008680555555555556 0.041666666666666664
2 0.6519097222222222 0.4366319444444444 0.009548611111111112 0.0390625
2 0.6345486111111112 0.3862847222222222 0.009548611111111112 0.028645833333333332
2 0.5130208333333334 0.4123263888888889 0.008680555555555556 0.033854166666666664
2 0.6649305555555556 0.4045138888888889 0.008680555555555556 0.03298611111111111
2 0.6111111111111112 0.4157986111111111 0.008680555555555556 0.033854166666666664
2 0.5373263888888888 0.3871527777777778 0.006944444444444444 0.03211805555555555
2 0.4982638888888889 0.4592013888888889 0.012152777777777778 0.0390625
2 0.6866319444444444 0.6258680555555556 0.013020833333333334 0.05295138888888889
2 0.8454861111111112 0.6536458333333334 0.012152777777777778 0.050347222222222224
2 0.6215277777777778 0.4704861111111111 0.008680555555555556 0.03819444444444445
2 0.4366319444444444 0.6354166666666666 0.011284722222222222 0.05295138888888889
2 0.4149305555555556 0.5434027777777778 0.013020833333333334 0.03993055555555555
2 0.7118055555555556 0.4878472222222222 0.012152777777777778 0.044270833333333336
1 0.15364583333333334 0.484375 0.008680555555555556 0.04079861111111111
2 0.2543402777777778 0.4340277777777778 0.008680555555555556 0.035590277777777776
3 0.8333333333333334 0.6762152777777778 0.014756944444444444 0.05555555555555555
2 0.7795138888888888 0.5928819444444444 0.011284722222222222 0.0390625
2 0.4375 0.5043402777777778 0.011284722222222222 0.04513888888888889
2 0.6319444444444444 0.3663194444444444 0.009548611111111112 0.035590277777777776
0 0.3428819444444444 0.6128472222222222 0.006944444444444444 0.012152777777777778