3 0.3576388888888889 0.453125 0.017361111111111112 0.049479166666666664
2 0.3897569444444444 0.2925347222222222 0.012152777777777778 0.03125
2 0.2621527777777778 0.3654513888888889 0.012152777777777778 0.046875
2 0.3645833333333333 0.5052083333333334 0.011284722222222222 0.05642361111111111
1 0.9522569444444444 0.4053819444444444 0.019097222222222224 0.049479166666666664
2 0.421875 0.3984375 0.010416666666666666 0.046875
2 0.6059027777777778 0.3776041666666667 0.013888888888888888 0.043402777777777776
2 0.6206597222222222 0.7022569444444444 0.018229166666666668 0.07378472222222222
2 0.5694444444444444 0.3880208333333333 0.013888888888888888 0.050347222222222224
2 0.5425347222222222 0.7022569444444444 0.020833333333333332 0.0720486111111111
2 0.4001736111111111 0.6015625 0.017361111111111112 0.06597222222222222
2 0.7083333333333334 0.4609375 0.017361111111111112 0.059027777777777776
3 0.8888888888888888 0.7100694444444444 0.0234375 0.08159722222222222
2 0.24131944444444445 0.4722222222222222 0.013888888888888888 0.05555555555555555
2 0.6423611111111112 0.7074652777777778 0.03211805555555555 0.06163194444444445
2 0.3845486111111111 0.7057291666666666 0.022569444444444444 0.06944444444444445
2 0.7829861111111112 0.5972222222222222 0.019965277777777776 0.059027777777777776
2 0.6814236111111112 0.5503472222222222 0.013888888888888888 0.06076388888888889
2 0.4618055555555556 0.6128472222222222 0.020833333333333332 0.0685763888888889
2 0.23958333333333334 0.6076388888888888 0.019965277777777776 0.0703125
2 0.2734375 0.6041666666666666 0.019097222222222224 0.06770833333333333
2 0.2092013888888889 0.6388888888888888 0.017361111111111112 0.0685763888888889
2 0.5824652777777778 0.5182291666666666 0.013888888888888888 0.05555555555555555
0 0.6189236111111112 0.7213541666666666 0.006944444444444444 0.013888888888888888
3 0.2664930555555556 0.265625 0.0078125 0.035590277777777776