3 0.2204861111111111 0.2265625 0.014756944444444444 0.0390625
2 0.5590277777777778 0.2647569444444444 0.013020833333333334 0.044270833333333336
2 0.5668402777777778 0.2699652777777778 0.018229166666666668 0.043402777777777776
2 0.4201388888888889 0.24913194444444445 0.016493055555555556 0.04079861111111111
3 0.5833333333333334 0.3194444444444444 0.012152777777777778 0.052083333333333336
2 0.390625 0.2465277777777778 0.013020833333333334 0.050347222222222224
2 0.21180555555555555 0.2638888888888889 0.008680555555555556 0.050347222222222224
2 0.6302083333333334 0.3255208333333333 0.014756944444444444 0.0546875
2 0.484375 0.2786458333333333 0.012152777777777778 0.04774305555555555
2 0.8776041666666666 0.4427083333333333 0.014756944444444444 0.059895833333333336
2 0.7647569444444444 0.328125 0.012152777777777778 0.05555555555555555
2 0.8133680555555556 0.3984375 0.011284722222222222 0.06684027777777778
2 0.4192708333333333 0.3368055555555556 0.014756944444444444 0.058159722222222224
2 0.4522569444444444 0.3428819444444444 0.013020833333333334 0.05555555555555555
2 0.7439236111111112 0.3715277777777778 0.013888888888888888 0.059027777777777776
2 0.8923611111111112 0.5277777777777778 0.0234375 0.0720486111111111
2 0.5868055555555556 0.4036458333333333 0.016493055555555556 0.059027777777777776
2 0.2760416666666667 0.3576388888888889 0.014756944444444444 0.058159722222222224
2 0.6631944444444444 0.6623263888888888 0.021701388888888888 0.0798611111111111
2 0.1328125 0.3723958333333333 0.011284722222222222 0.059895833333333336
2 0.2152777777777778 0.5381944444444444 0.019965277777777776 0.078125
0 0.3880208333333333 0.2690972222222222 0.004340277777777778 0.008680555555555556
2 0.6354166666666666 0.3246527777777778 0.015625 0.046875