0 0.5477430555555556 0.4661458333333333 0.005208333333333333 0.012152777777777778
3 0.3628472222222222 0.21354166666666666 0.014756944444444444 0.03819444444444445
2 0.4175347222222222 0.2482638888888889 0.014756944444444444 0.03298611111111111
2 0.6805555555555556 0.3255208333333333 0.019097222222222224 0.051215277777777776
2 0.7456597222222222 0.3420138888888889 0.013888888888888888 0.05555555555555555
2 0.5564236111111112 0.4444444444444444 0.019097222222222224 0.057291666666666664
2 0.7734375 0.4366319444444444 0.017361111111111112 0.06510416666666667
2 0.6796875 0.453125 0.022569444444444444 0.06076388888888889
2 0.4809027777777778 0.3411458333333333 0.011284722222222222 0.05295138888888889
3 0.3246527777777778 0.4123263888888889 0.013888888888888888 0.057291666666666664
2 0.3758680555555556 0.2960069444444444 0.011284722222222222 0.04774305555555555
2 0.3802083333333333 0.3940972222222222 0.014756944444444444 0.05555555555555555
3 0.9652777777777778 0.796875 0.026909722222222224 0.09375
2 0.5685763888888888 0.5182291666666666 0.013888888888888888 0.0642361111111111
2 0.2361111111111111 0.3984375 0.014756944444444444 0.059895833333333336
2 0.11284722222222222 0.5538194444444444 0.016493055555555556 0.0685763888888889
2 0.4427083333333333 0.7317708333333334 0.019965277777777776 0.08246527777777778
2 0.6545138888888888 0.6197916666666666 0.017361111111111112 0.07899305555555555
2 0.3559027777777778 0.4835069444444444 0.013888888888888888 0.06684027777777778
2 0.2222222222222222 0.4548611111111111 0.019097222222222224 0.06597222222222222
2 0.8758680555555556 0.5303819444444444 0.026041666666666668 0.07465277777777778
2 0.2560763888888889 0.484375 0.019097222222222224 0.06684027777777778
2 0.3090277777777778 0.6423611111111112 0.017361111111111112 0.07291666666666667
2 0.1597222222222222 0.5668402777777778 0.014756944444444444 0.07552083333333333