3 0.1675347222222222 0.2508680555555556 0.013020833333333334 0.041666666666666664
0 0.7708333333333334 0.5572916666666666 0.006944444444444444 0.010416666666666666
2 0.7352430555555556 0.3246527777777778 0.011284722222222222 0.04861111111111111
2 0.7951388888888888 0.3619791666666667 0.013888888888888888 0.052083333333333336
2 0.5338541666666666 0.3689236111111111 0.018229166666666668 0.051215277777777776
2 0.5095486111111112 0.2543402777777778 0.013020833333333334 0.036458333333333336
2 0.8272569444444444 0.4045138888888889 0.021701388888888888 0.0642361111111111
2 0.5555555555555556 0.3038194444444444 0.011284722222222222 0.04513888888888889
2 0.20833333333333334 0.3810763888888889 0.012152777777777778 0.05381944444444445
2 0.5685763888888888 0.7274305555555556 0.029513888888888888 0.07378472222222222
2 0.3255208333333333 0.3671875 0.013888888888888888 0.052083333333333336
3 0.7907986111111112 0.40625 0.020833333333333332 0.05555555555555555
1 0.8940972222222222 0.3819444444444444 0.016493055555555556 0.05642361111111111
2 0.40625 0.3020833333333333 0.013888888888888888 0.04513888888888889
2 0.7378472222222222 0.4418402777777778 0.016493055555555556 0.052083333333333336
2 0.7977430555555556 0.5321180555555556 0.019965277777777776 0.06510416666666667
2 0.6727430555555556 0.4036458333333333 0.013020833333333334 0.051215277777777776
2 0.17881944444444445 0.5286458333333334 0.016493055555555556 0.06597222222222222
2 0.20833333333333334 0.5538194444444444 0.024305555555555556 0.07118055555555555
2 0.4210069444444444 0.6432291666666666 0.020833333333333332 0.0703125
2 0.2508680555555556 0.6032986111111112 0.022569444444444444 0.07552083333333333
2 0.5390625 0.4947916666666667 0.025173611111111112 0.06336805555555555
2 0.4453125 0.4826388888888889 0.011284722222222222 0.06770833333333333
2 0.734375 0.3446180555555556 0.015625 0.04774305555555555