0 0.7248263888888888 0.5503472222222222 0.012152777777777778 0.012152777777777778
2 0.1293402777777778 0.2647569444444444 0.013888888888888888 0.04600694444444445
2 0.3194444444444444 0.2204861111111111 0.017361111111111112 0.052083333333333336
3 0.09635416666666667 0.2092013888888889 0.013888888888888888 0.04600694444444445
2 0.5095486111111112 0.2152777777777778 0.011284722222222222 0.04513888888888889
2 0.4713541666666667 0.234375 0.009548611111111112 0.046875
2 0.5807291666666666 0.2690972222222222 0.014756944444444444 0.05642361111111111
3 0.4678819444444444 0.3142361111111111 0.012152777777777778 0.0546875
2 0.6059027777777778 0.5373263888888888 0.018229166666666668 0.06770833333333333
2 0.4765625 0.3394097222222222 0.014756944444444444 0.06076388888888889
2 0.6987847222222222 0.3619791666666667 0.013888888888888888 0.06684027777777778
2 0.2803819444444444 0.3689236111111111 0.015625 0.06336805555555555
2 0.2048611111111111 0.3072916666666667 0.015625 0.06076388888888889
2 0.3246527777777778 0.3168402777777778 0.016493055555555556 0.06336805555555555
2 0.07725694444444445 0.3958333333333333 0.012152777777777778 0.06597222222222222
2 0.5642361111111112 0.4288194444444444 0.020833333333333332 0.06944444444444445
2 0.2265625 0.5980902777777778 0.018229166666666668 0.08680555555555555
2 0.3949652777777778 0.3645833333333333 0.016493055555555556 0.06076388888888889
2 0.6788194444444444 0.3958333333333333 0.015625 0.07118055555555555
2 0.7881944444444444 0.5720486111111112 0.019965277777777776 0.07552083333333333
2 0.2986111111111111 0.4730902777777778 0.017361111111111112 0.07725694444444445
2 0.7404513888888888 0.4123263888888889 0.019965277777777776 0.0720486111111111
2 0.8185763888888888 0.5963541666666666 0.035590277777777776 0.0703125