0 0.1996527777777778 0.4366319444444444 0.006076388888888889 0.010416666666666666
2 0.6684027777777778 0.2777777777777778 0.010416666666666666 0.0390625
2 0.6927083333333334 0.3020833333333333 0.009548611111111112 0.03732638888888889
2 0.6267361111111112 0.3098958333333333 0.008680555555555556 0.04079861111111111
2 0.7048611111111112 0.3090277777777778 0.008680555555555556 0.04079861111111111
3 0.5008680555555556 0.3637152777777778 0.009548611111111112 0.04774305555555555
2 0.4939236111111111 0.3854166666666667 0.008680555555555556 0.050347222222222224
3 0.3480902777777778 0.24913194444444445 0.006944444444444444 0.033854166666666664
2 0.7361111111111112 0.3619791666666667 0.011284722222222222 0.050347222222222224
2 0.8055555555555556 0.4314236111111111 0.013888888888888888 0.052083333333333336
1 0.13020833333333334 0.3715277777777778 0.013888888888888888 0.044270833333333336
2 0.6493055555555556 0.3784722222222222 0.011284722222222222 0.051215277777777776
2 0.3888888888888889 0.2925347222222222 0.009548611111111112 0.03993055555555555
2 0.6970486111111112 0.4739583333333333 0.011284722222222222 0.0546875
2 0.7256944444444444 0.3689236111111111 0.012152777777777778 0.050347222222222224
2 0.7760416666666666 0.4088541666666667 0.011284722222222222 0.057291666666666664
2 0.8116319444444444 0.7118055555555556 0.019097222222222224 0.07725694444444445
2 0.5199652777777778 0.4809027777777778 0.014756944444444444 0.057291666666666664
2 0.421875 0.3480902777777778 0.013888888888888888 0.046875
2 0.21354166666666666 0.4296875 0.016493055555555556 0.0546875
2 0.7578125 0.5 0.017361111111111112 0.06510416666666667
2 0.8315972222222222 0.6276041666666666 0.013020833333333334 0.06944444444444445
3 0.9184027777777778 0.8090277777777778 0.03125 0.09461805555555555
2 0.4722222222222222 0.6310763888888888 0.017361111111111112 0.07899305555555555
2 0.3715277777777778 0.3732638888888889 0.011284722222222222 0.049479166666666664