2 0.6493055555555556 0.3003472222222222 0.012152777777777778 0.041666666666666664
3 0.3663194444444444 0.2604166666666667 0.010416666666666666 0.036458333333333336
2 0.6788194444444444 0.28125 0.012152777777777778 0.035590277777777776
2 0.5694444444444444 0.2951388888888889 0.013888888888888888 0.033854166666666664
3 0.5980902777777778 0.3489583333333333 0.013888888888888888 0.04513888888888889
2 0.6467013888888888 0.3359375 0.009548611111111112 0.04079861111111111
2 0.6032986111111112 0.2960069444444444 0.011284722222222222 0.042534722222222224
2 0.7881944444444444 0.3784722222222222 0.010416666666666666 0.046875
2 0.4522569444444444 0.34375 0.010416666666666666 0.041666666666666664
2 0.7413194444444444 0.3454861111111111 0.013020833333333334 0.04600694444444445
1 0.09809027777777778 0.3628472222222222 0.011284722222222222 0.04774305555555555
2 0.4600694444444444 0.3272569444444444 0.009548611111111112 0.0390625
2 0.5677083333333334 0.4305555555555556 0.018229166666666668 0.05295138888888889
2 0.3446180555555556 0.2977430555555556 0.012152777777777778 0.042534722222222224
2 0.7248263888888888 0.3524305555555556 0.011284722222222222 0.050347222222222224
2 0.8402777777777778 0.3949652777777778 0.013888888888888888 0.04513888888888889
2 0.7300347222222222 0.4262152777777778 0.009548611111111112 0.046875
2 0.3298611111111111 0.3211805555555556 0.008680555555555556 0.041666666666666664
2 0.7986111111111112 0.6484375 0.017361111111111112 0.0703125
2 0.2803819444444444 0.4027777777777778 0.009548611111111112 0.050347222222222224
2 0.8055555555555556 0.4592013888888889 0.011284722222222222 0.059027777777777776
2 0.8098958333333334 0.5694444444444444 0.016493055555555556 0.06076388888888889
2 0.4366319444444444 0.546875 0.014756944444444444 0.06510416666666667
0 0.2387152777777778 0.34375 0.006076388888888889 0.010416666666666666