0 0.5451388888888888 0.6293402777777778 0.008680555555555556 0.015625
3 0.3602430555555556 0.1892361111111111 0.009548611111111112 0.03993055555555555
2 0.6640625 0.3020833333333333 0.017361111111111112 0.052083333333333336
2 0.5746527777777778 0.2595486111111111 0.010416666666666666 0.04513888888888889
2 0.3559027777777778 0.3628472222222222 0.017361111111111112 0.046875
2 0.6388888888888888 0.3993055555555556 0.013888888888888888 0.06510416666666667
2 0.3333333333333333 0.28125 0.013020833333333334 0.046875
2 0.5355902777777778 0.6076388888888888 0.024305555555555556 0.08333333333333333
2 0.640625 0.4574652777777778 0.014756944444444444 0.07118055555555555
2 0.3055555555555556 0.3576388888888889 0.013888888888888888 0.06163194444444445
2 0.4296875 0.7361111111111112 0.024305555555555556 0.08333333333333333
2 0.4383680555555556 0.3376736111111111 0.015625 0.059027777777777776
2 0.3949652777777778 0.7552083333333334 0.025173611111111112 0.09114583333333333
2 0.4548611111111111 0.6154513888888888 0.019965277777777776 0.0876736111111111
2 0.6822916666666666 0.359375 0.013020833333333334 0.0642361111111111
2 0.2847222222222222 0.3654513888888889 0.014756944444444444 0.06336805555555555
2 0.8923611111111112 0.3923611111111111 0.014756944444444444 0.06336805555555555
3 0.3741319444444444 0.4713541666666667 0.016493055555555556 0.0720486111111111
2 0.5086805555555556 0.4270833333333333 0.016493055555555556 0.0685763888888889
2 0.4105902777777778 0.4965277777777778 0.021701388888888888 0.06944444444444445
2 0.8454861111111112 0.671875 0.0234375 0.0954861111111111
2 0.2569444444444444 0.4409722222222222 0.026909722222222224 0.07291666666666667
2 0.6336805555555556 0.6510416666666666 0.020833333333333332 0.0842013888888889