3 0.2170138888888889 0.2387152777777778 0.010416666666666666 0.04079861111111111
3 0.6371527777777778 0.4192708333333333 0.013888888888888888 0.049479166666666664
2 0.7118055555555556 0.3333333333333333 0.013888888888888888 0.051215277777777776
2 0.3151041666666667 0.4461805555555556 0.017361111111111112 0.05555555555555555
2 0.7144097222222222 0.3489583333333333 0.017361111111111112 0.04774305555555555
0 0.5642361111111112 0.5946180555555556 0.006944444444444444 0.011284722222222222
2 0.5373263888888888 0.2482638888888889 0.011284722222222222 0.0390625
2 0.6163194444444444 0.5642361111111112 0.030381944444444444 0.06944444444444445
2 0.4184027777777778 0.4253472222222222 0.017361111111111112 0.06076388888888889
2 0.6440972222222222 0.4392361111111111 0.017361111111111112 0.058159722222222224
2 0.78125 0.3706597222222222 0.009548611111111112 0.05555555555555555
2 0.2439236111111111 0.4418402777777778 0.016493055555555556 0.05555555555555555
2 0.5503472222222222 0.3237847222222222 0.012152777777777778 0.050347222222222224
2 0.3880208333333333 0.7881944444444444 0.024305555555555556 0.08506944444444445
2 0.16666666666666666 0.5703125 0.019965277777777776 0.07118055555555555
2 0.8767361111111112 0.4513888888888889 0.012152777777777778 0.06163194444444445
2 0.3611111111111111 0.3151041666666667 0.014756944444444444 0.04600694444444445
2 0.23524305555555555 0.7022569444444444 0.019965277777777776 0.078125
2 0.15538194444444445 0.6484375 0.015625 0.0798611111111111
2 0.4340277777777778 0.4635416666666667 0.0234375 0.05555555555555555
2 0.3888888888888889 0.5147569444444444 0.019965277777777776 0.0642361111111111
2 0.6024305555555556 0.5729166666666666 0.029513888888888888 0.07118055555555555
2 0.23697916666666666 0.6163194444444444 0.025173611111111112 0.07552083333333333