2 0.5842013888888888 0.2378472222222222 0.012152777777777778 0.042534722222222224
0 0.3098958333333333 0.34375 0.006076388888888889 0.011284722222222222
3 0.2378472222222222 0.2152777777777778 0.013020833333333334 0.043402777777777776
3 0.5052083333333334 0.3038194444444444 0.013020833333333334 0.05381944444444445
2 0.6362847222222222 0.4123263888888889 0.012152777777777778 0.06076388888888889
2 0.609375 0.3159722222222222 0.013888888888888888 0.05642361111111111
2 0.5581597222222222 0.3177083333333333 0.011284722222222222 0.05555555555555555
2 0.3368055555555556 0.3949652777777778 0.013888888888888888 0.06076388888888889
2 0.6137152777777778 0.3914930555555556 0.013888888888888888 0.049479166666666664
2 0.7994791666666666 0.3767361111111111 0.015625 0.06597222222222222
2 0.2916666666666667 0.2786458333333333 0.012152777777777778 0.04774305555555555
2 0.5217013888888888 0.3793402777777778 0.009548611111111112 0.059027777777777776
2 0.7039930555555556 0.2751736111111111 0.012152777777777778 0.04774305555555555
2 0.65625 0.3845486111111111 0.013020833333333334 0.059895833333333336
2 0.7612847222222222 0.3255208333333333 0.012152777777777778 0.058159722222222224
2 0.1267361111111111 0.3967013888888889 0.012152777777777778 0.0642361111111111
2 0.4348958333333333 0.4157986111111111 0.018229166666666668 0.0642361111111111
2 0.2126736111111111 0.5911458333333334 0.019097222222222224 0.08506944444444445
2 0.8272569444444444 0.4583333333333333 0.014756944444444444 0.07552083333333333
2 0.4140625 0.375 0.019965277777777776 0.06076388888888889
2 0.6041666666666666 0.4869791666666667 0.017361111111111112 0.07118055555555555
2 0.8828125 0.6345486111111112 0.021701388888888888 0.08072916666666667
2 0.5729166666666666 0.7065972222222222 0.019097222222222224 0.0876736111111111