2 0.65625 0.2630208333333333 0.009548611111111112 0.03732638888888889
3 0.3168402777777778 0.25 0.012152777777777778 0.04079861111111111
2 0.7517361111111112 0.4053819444444444 0.012152777777777778 0.041666666666666664
1 0.018229166666666668 0.3819444444444444 0.011284722222222222 0.046875
2 0.5607638888888888 0.3289930555555556 0.008680555555555556 0.04513888888888889
2 0.6805555555555556 0.3038194444444444 0.009548611111111112 0.03993055555555555
2 0.3446180555555556 0.3368055555555556 0.016493055555555556 0.042534722222222224
2 0.59375 0.3480902777777778 0.008680555555555556 0.052083333333333336
2 0.7170138888888888 0.3732638888888889 0.012152777777777778 0.051215277777777776
2 0.421875 0.28125 0.013888888888888888 0.036458333333333336
2 0.7074652777777778 0.3784722222222222 0.013888888888888888 0.050347222222222224
2 0.7517361111111112 0.4409722222222222 0.013020833333333334 0.050347222222222224
3 0.4609375 0.3732638888888889 0.013888888888888888 0.04774305555555555
2 0.4756944444444444 0.3715277777777778 0.010416666666666666 0.043402777777777776
2 0.6015625 0.3836805555555556 0.011284722222222222 0.04513888888888889
2 0.7413194444444444 0.4748263888888889 0.014756944444444444 0.06336805555555555
2 0.5086805555555556 0.6675347222222222 0.013888888888888888 0.08072916666666667
3 0.9296875 0.7821180555555556 0.024305555555555556 0.09288194444444445
2 0.5963541666666666 0.4678819444444444 0.011284722222222222 0.05555555555555555
2 0.8333333333333334 0.7447916666666666 0.019097222222222224 0.0798611111111111
2 0.8055555555555556 0.609375 0.021701388888888888 0.06510416666666667
2 0.24739583333333334 0.4331597222222222 0.018229166666666668 0.05642361111111111
2 0.5633680555555556 0.5286458333333334 0.019097222222222224 0.0642361111111111
2 0.3585069444444444 0.4201388888888889 0.020833333333333332 0.05381944444444445
0 0.3550347222222222 0.3515625 0.005208333333333333 0.008680555555555556