3 0.2951388888888889 0.2743055555555556 0.008680555555555556 0.028645833333333332
0 0.4696180555555556 0.6701388888888888 0.006076388888888889 0.011284722222222222
2 0.4340277777777778 0.6276041666666666 0.028645833333333332 0.05555555555555555
2 0.1623263888888889 0.6553819444444444 0.022569444444444444 0.07118055555555555
2 0.609375 0.3836805555555556 0.009548611111111112 0.04774305555555555
2 0.4904513888888889 0.3888888888888889 0.010416666666666666 0.04774305555555555
2 0.2994791666666667 0.6189236111111112 0.013020833333333334 0.0685763888888889
2 0.3732638888888889 0.6770833333333334 0.015625 0.06076388888888889
2 0.6527777777777778 0.3776041666666667 0.013888888888888888 0.046875
2 0.2482638888888889 0.4921875 0.011284722222222222 0.05642361111111111
3 0.3263888888888889 0.4756944444444444 0.013020833333333334 0.057291666666666664
2 0.3576388888888889 0.6675347222222222 0.021701388888888888 0.07465277777777778
2 0.3168402777777778 0.3767361111111111 0.014756944444444444 0.046875
3 0.9696180555555556 0.7413194444444444 0.022569444444444444 0.07899305555555555
2 0.6423611111111112 0.5381944444444444 0.016493055555555556 0.05642361111111111
2 0.2065972222222222 0.6076388888888888 0.018229166666666668 0.0703125
2 0.3185763888888889 0.6310763888888888 0.022569444444444444 0.06597222222222222
2 0.2881944444444444 0.6588541666666666 0.015625 0.06336805555555555
2 0.5364583333333334 0.4817708333333333 0.013020833333333334 0.05381944444444445
2 0.71875 0.4166666666666667 0.014756944444444444 0.05381944444444445
2 0.8845486111111112 0.6006944444444444 0.014756944444444444 0.07291666666666667
2 0.3793402777777778 0.5234375 0.014756944444444444 0.06336805555555555
2 0.5416666666666666 0.625 0.016493055555555556 0.06336805555555555
2 0.4487847222222222 0.2916666666666667 0.009548611111111112 0.041666666666666664