0 0.8810763888888888 0.4592013888888889 0.006076388888888889 0.011284722222222222
2 0.7013888888888888 0.328125 0.015625 0.04774305555555555
2 0.8324652777777778 0.4149305555555556 0.020833333333333332 0.052083333333333336
3 0.5998263888888888 0.3567708333333333 0.016493055555555556 0.0546875
2 0.7126736111111112 0.3480902777777778 0.017361111111111112 0.05295138888888889
2 0.6788194444444444 0.3203125 0.012152777777777778 0.051215277777777776
1 0.8723958333333334 0.3611111111111111 0.026909722222222224 0.050347222222222224
2 0.6284722222222222 0.3585069444444444 0.015625 0.052083333333333336
2 0.8576388888888888 0.4461805555555556 0.017361111111111112 0.0546875
2 0.7439236111111112 0.3368055555555556 0.014756944444444444 0.0546875
2 0.6762152777777778 0.4036458333333333 0.013888888888888888 0.0546875
2 0.7274305555555556 0.3949652777777778 0.013020833333333334 0.058159722222222224
2 0.8081597222222222 0.3663194444444444 0.011284722222222222 0.059027777777777776
2 0.3802083333333333 0.2881944444444444 0.012152777777777778 0.049479166666666664
2 0.5581597222222222 0.3949652777777778 0.013888888888888888 0.059027777777777776
2 0.09375 0.4192708333333333 0.013020833333333334 0.06336805555555555
2 0.07725694444444445 0.3532986111111111 0.012152777777777778 0.05642361111111111
2 0.1736111111111111 0.3055555555555556 0.015625 0.050347222222222224
2 0.3203125 0.4817708333333333 0.020833333333333332 0.07118055555555555
2 0.13975694444444445 0.3333333333333333 0.013888888888888888 0.052083333333333336
2 0.11024305555555555 0.4088541666666667 0.017361111111111112 0.06336805555555555
2 0.6979166666666666 0.3133680555555556 0.014756944444444444 0.043402777777777776
2 0.7196180555555556 0.3315972222222222 0.018229166666666668 0.04513888888888889