3 0.5347222222222222 0.21354166666666666 0.011284722222222222 0.03993055555555555
2 0.4383680555555556 0.3376736111111111 0.010416666666666666 0.05295138888888889
1 0.1545138888888889 0.3463541666666667 0.013888888888888888 0.06163194444444445
2 0.5190972222222222 0.2951388888888889 0.019097222222222224 0.044270833333333336
2 0.2595486111111111 0.4383680555555556 0.019097222222222224 0.0720486111111111
2 0.4340277777777778 0.3671875 0.020833333333333332 0.050347222222222224
2 0.3836805555555556 0.3663194444444444 0.010416666666666666 0.0546875
2 0.4097222222222222 0.3420138888888889 0.013888888888888888 0.058159722222222224
2 0.3142361111111111 0.4331597222222222 0.016493055555555556 0.06770833333333333
2 0.4939236111111111 0.3012152777777778 0.016493055555555556 0.04513888888888889
2 0.6059027777777778 0.3125 0.017361111111111112 0.0546875
2 0.3350694444444444 0.3984375 0.013888888888888888 0.0642361111111111
2 0.2951388888888889 0.4253472222222222 0.015625 0.058159722222222224
3 0.5746527777777778 0.4348958333333333 0.013888888888888888 0.06770833333333333
2 0.5538194444444444 0.3168402777777778 0.019097222222222224 0.052083333333333336
2 0.9036458333333334 0.4079861111111111 0.009548611111111112 0.06336805555555555
2 0.6137152777777778 0.3923611111111111 0.0234375 0.058159722222222224
2 0.8324652777777778 0.4027777777777778 0.018229166666666668 0.06684027777777778
2 0.8506944444444444 0.4696180555555556 0.016493055555555556 0.06944444444444445
2 0.4279513888888889 0.4522569444444444 0.016493055555555556 0.06163194444444445
2 0.9019097222222222 0.5199652777777778 0.017361111111111112 0.078125
2 0.3151041666666667 0.4184027777777778 0.022569444444444444 0.06076388888888889
0 0.6041666666666666 0.4019097222222222 0.006076388888888889 0.013020833333333334