2 0.6006944444444444 0.2048611111111111 0.009548611111111112 0.044270833333333336
3 0.2994791666666667 0.1909722222222222 0.011284722222222222 0.03819444444444445
2 0.4748263888888889 0.22569444444444445 0.012152777777777778 0.03819444444444445
3 0.4331597222222222 0.4131944444444444 0.011284722222222222 0.0625
2 0.4053819444444444 0.265625 0.010416666666666666 0.046875
2 0.5564236111111112 0.2586805555555556 0.014756944444444444 0.04600694444444445
2 0.2821180555555556 0.3003472222222222 0.011284722222222222 0.05555555555555555
2 0.6371527777777778 0.2743055555555556 0.011284722222222222 0.049479166666666664
2 0.3376736111111111 0.2621527777777778 0.013888888888888888 0.052083333333333336
2 0.6736111111111112 0.2647569444444444 0.014756944444444444 0.05555555555555555
2 0.2404513888888889 0.2855902777777778 0.014756944444444444 0.052083333333333336
2 0.5451388888888888 0.265625 0.010416666666666666 0.049479166666666664
2 0.2951388888888889 0.3289930555555556 0.012152777777777778 0.0546875
2 0.6675347222222222 0.3185763888888889 0.013020833333333334 0.051215277777777776
2 0.4184027777777778 0.3142361111111111 0.011284722222222222 0.05555555555555555
2 0.2456597222222222 0.3567708333333333 0.014756944444444444 0.05642361111111111
2 0.18055555555555555 0.5251736111111112 0.017361111111111112 0.0703125
2 0.828125 0.2873263888888889 0.014756944444444444 0.05381944444444445
2 0.2517361111111111 0.4348958333333333 0.013020833333333334 0.06684027777777778
2 0.7291666666666666 0.5043402777777778 0.016493055555555556 0.0685763888888889
2 0.18489583333333334 0.7144097222222222 0.0234375 0.0920138888888889
2 0.4357638888888889 0.3914930555555556 0.009548611111111112 0.044270833333333336