3 0.3923611111111111 0.2439236111111111 0.010416666666666666 0.03125
0 0.12065972222222222 0.5052083333333334 0.006076388888888889 0.010416666666666666
2 0.5008680555555556 0.3897569444444444 0.018229166666666668 0.044270833333333336
2 0.18836805555555555 0.4210069444444444 0.018229166666666668 0.0546875
2 0.8602430555555556 0.4557291666666667 0.013888888888888888 0.059027777777777776
2 0.1657986111111111 0.4704861111111111 0.024305555555555556 0.05295138888888889
2 0.3133680555555556 0.4079861111111111 0.017361111111111112 0.049479166666666664
2 0.8368055555555556 0.6328125 0.016493055555555556 0.07378472222222222
2 0.5529513888888888 0.3185763888888889 0.016493055555555556 0.036458333333333336
2 0.3289930555555556 0.3480902777777778 0.018229166666666668 0.0390625
2 0.734375 0.4105902777777778 0.013888888888888888 0.0546875
2 0.5434027777777778 0.4427083333333333 0.019097222222222224 0.05381944444444445
2 0.6345486111111112 0.3550347222222222 0.017361111111111112 0.04600694444444445
2 0.2013888888888889 0.4713541666666667 0.024305555555555556 0.057291666666666664
2 0.4809027777777778 0.4496527777777778 0.015625 0.051215277777777776
3 0.3663194444444444 0.4861111111111111 0.024305555555555556 0.05555555555555555
2 0.6822916666666666 0.4626736111111111 0.012152777777777778 0.05642361111111111
2 0.5546875 0.515625 0.018229166666666668 0.057291666666666664
2 0.6579861111111112 0.6059027777777778 0.020833333333333332 0.06336805555555555
2 0.7092013888888888 0.4913194444444444 0.017361111111111112 0.059895833333333336
2 0.19444444444444445 0.5512152777777778 0.016493055555555556 0.06597222222222222
2 0.1753472222222222 0.5685763888888888 0.020833333333333332 0.06510416666666667
2 0.6640625 0.5338541666666666 0.022569444444444444 0.05642361111111111