2 0.5633680555555556 0.2508680555555556 0.013020833333333334 0.04600694444444445
2 0.5659722222222222 0.2699652777777778 0.016493055555555556 0.042534722222222224
2 0.4401041666666667 0.2612847222222222 0.009548611111111112 0.041666666666666664
3 0.24913194444444445 0.2230902777777778 0.009548611111111112 0.03993055555555555
2 0.4296875 0.2543402777777778 0.013888888888888888 0.04513888888888889
2 0.7005208333333334 0.3671875 0.009548611111111112 0.052083333333333336
2 0.23958333333333334 0.2604166666666667 0.009548611111111112 0.04600694444444445
2 0.5130208333333334 0.2682291666666667 0.011284722222222222 0.04774305555555555
2 0.7083333333333334 0.2951388888888889 0.013888888888888888 0.050347222222222224
2 0.4487847222222222 0.3211805555555556 0.014756944444444444 0.05295138888888889
2 0.4296875 0.3133680555555556 0.013888888888888888 0.052083333333333336
2 0.6727430555555556 0.3020833333333333 0.017361111111111112 0.051215277777777776
2 0.6024305555555556 0.3828125 0.016493055555555556 0.057291666666666664
2 0.78125 0.3376736111111111 0.018229166666666668 0.05555555555555555
2 0.2690972222222222 0.3038194444444444 0.019097222222222224 0.049479166666666664
2 0.8203125 0.3498263888888889 0.012152777777777778 0.0546875
3 0.6189236111111112 0.3246527777777778 0.016493055555555556 0.052083333333333336
2 0.7821180555555556 0.4036458333333333 0.019097222222222224 0.06076388888888889
2 0.1840277777777778 0.3767361111111111 0.014756944444444444 0.05555555555555555
2 0.8272569444444444 0.5460069444444444 0.016493055555555556 0.06684027777777778
2 0.3064236111111111 0.5251736111111112 0.017361111111111112 0.07378472222222222
2 0.8020833333333334 0.6258680555555556 0.021701388888888888 0.078125
0 0.3611111111111111 0.2777777777777778 0.006944444444444444 0.008680555555555556