2 0.6119791666666666 0.2934027777777778 0.011284722222222222 0.03125
2 0.2387152777777778 0.3506944444444444 0.012152777777777778 0.03211805555555555
2 0.6163194444444444 0.3498263888888889 0.008680555555555556 0.035590277777777776
1 0.8298611111111112 0.3541666666666667 0.013888888888888888 0.046875
2 0.7230902777777778 0.3550347222222222 0.011284722222222222 0.03819444444444445
2 0.9175347222222222 0.484375 0.012152777777777778 0.049479166666666664
2 0.5460069444444444 0.3159722222222222 0.011284722222222222 0.033854166666666664
2 0.6310763888888888 0.3932291666666667 0.017361111111111112 0.044270833333333336
2 0.2517361111111111 0.3862847222222222 0.015625 0.033854166666666664
2 0.3758680555555556 0.4314236111111111 0.010416666666666666 0.04600694444444445
2 0.3671875 0.3055555555555556 0.008680555555555556 0.03298611111111111
2 0.3307291666666667 0.3793402777777778 0.011284722222222222 0.044270833333333336
2 0.1796875 0.4574652777777778 0.013888888888888888 0.04600694444444445
3 0.4375 0.4288194444444444 0.009548611111111112 0.050347222222222224
2 0.5850694444444444 0.4045138888888889 0.013020833333333334 0.03993055555555555
2 0.7708333333333334 0.5121527777777778 0.014756944444444444 0.04600694444444445
2 0.2777777777777778 0.5164930555555556 0.017361111111111112 0.05555555555555555
2 0.21788194444444445 0.6284722222222222 0.020833333333333332 0.059027777777777776
2 0.3680555555555556 0.6519097222222222 0.016493055555555556 0.06770833333333333
2 0.13368055555555555 0.5894097222222222 0.014756944444444444 0.06684027777777778
2 0.7552083333333334 0.6866319444444444 0.025173611111111112 0.0685763888888889
2 0.11371527777777778 0.6024305555555556 0.021701388888888888 0.06684027777777778
3 0.1519097222222222 0.2942708333333333 0.009548611111111112 0.03125