2 0.234375 0.421875 0.016493055555555556 0.051215277777777776
2 0.5364583333333334 0.3585069444444444 0.008680555555555556 0.04079861111111111
2 0.3776041666666667 0.2986111111111111 0.014756944444444444 0.027777777777777776
2 0.4453125 0.3307291666666667 0.006944444444444444 0.03732638888888889
2 0.4401041666666667 0.3359375 0.012152777777777778 0.03993055555555555
2 0.2421875 0.4340277777777778 0.018229166666666668 0.046875
2 0.734375 0.3940972222222222 0.008680555555555556 0.04513888888888889
2 0.5182291666666666 0.3315972222222222 0.009548611111111112 0.041666666666666664
2 0.5277777777777778 0.4114583333333333 0.010416666666666666 0.044270833333333336
2 0.6953125 0.3463541666666667 0.008680555555555556 0.04079861111111111
3 0.5425347222222222 0.4114583333333333 0.019965277777777776 0.043402777777777776
2 0.6527777777777778 0.5399305555555556 0.008680555555555556 0.05381944444444445
2 0.3645833333333333 0.375 0.011284722222222222 0.04079861111111111
2 0.7230902777777778 0.4227430555555556 0.014756944444444444 0.044270833333333336
2 0.2560763888888889 0.6388888888888888 0.024305555555555556 0.06336805555555555
2 0.5373263888888888 0.7196180555555556 0.022569444444444444 0.07118055555555555
2 0.4123263888888889 0.3194444444444444 0.014756944444444444 0.03125
2 0.2777777777777778 0.3628472222222222 0.011284722222222222 0.04513888888888889
2 0.6024305555555556 0.3689236111111111 0.009548611111111112 0.04600694444444445
2 0.8046875 0.5078125 0.013888888888888888 0.05555555555555555
2 0.20572916666666666 0.5581597222222222 0.013888888888888888 0.057291666666666664
3 0.3289930555555556 0.2743055555555556 0.014756944444444444 0.036458333333333336