2 0.3125 0.4869791666666667 0.026909722222222224 0.06684027777777778
2 0.3020833333333333 0.4921875 0.024305555555555556 0.058159722222222224
2 0.890625 0.6102430555555556 0.018229166666666668 0.078125
2 0.4314236111111111 0.5486111111111112 0.018229166666666668 0.06770833333333333
2 0.6701388888888888 0.3480902777777778 0.012152777777777778 0.04600694444444445
2 0.7690972222222222 0.4348958333333333 0.020833333333333332 0.05555555555555555
2 0.3498263888888889 0.5434027777777778 0.028645833333333332 0.058159722222222224
2 0.2586805555555556 0.5885416666666666 0.03211805555555555 0.06076388888888889
2 0.3767361111111111 0.6345486111111112 0.017361111111111112 0.06944444444444445
2 0.3263888888888889 0.3671875 0.021701388888888888 0.04600694444444445
2 0.6232638888888888 0.5729166666666666 0.017361111111111112 0.06684027777777778
2 0.2847222222222222 0.5772569444444444 0.022569444444444444 0.059027777777777776
2 0.8654513888888888 0.6302083333333334 0.013888888888888888 0.078125
2 0.3654513888888889 0.3151041666666667 0.021701388888888888 0.041666666666666664
2 0.8472222222222222 0.4574652777777778 0.013888888888888888 0.06336805555555555
2 0.765625 0.4991319444444444 0.017361111111111112 0.06770833333333333
2 0.4409722222222222 0.4609375 0.020833333333333332 0.059027777777777776
3 0.5034722222222222 0.4088541666666667 0.018229166666666668 0.04774305555555555
2 0.6041666666666666 0.5295138888888888 0.021701388888888888 0.06336805555555555
2 0.5008680555555556 0.5616319444444444 0.021701388888888888 0.0703125
2 0.7795138888888888 0.6753472222222222 0.025173611111111112 0.06770833333333333
3 0.4071180555555556 0.2109375 0.011284722222222222 0.030381944444444444
0 0.2552083333333333 0.6085069444444444 0.0078125 0.013020833333333334