3 0.3324652777777778 0.2630208333333333 0.008680555555555556 0.028645833333333332
2 0.5928819444444444 0.3776041666666667 0.009548611111111112 0.043402777777777776
3 0.9409722222222222 0.9461805555555556 0.026909722222222224 0.0876736111111111
3 0.4739583333333333 0.4088541666666667 0.013020833333333334 0.044270833333333336
2 0.6779513888888888 0.6128472222222222 0.011284722222222222 0.0546875
2 0.3038194444444444 0.3784722222222222 0.010416666666666666 0.041666666666666664
2 0.6510416666666666 0.5199652777777778 0.011284722222222222 0.05642361111111111
2 0.6328125 0.4348958333333333 0.011284722222222222 0.04774305555555555
2 0.25 0.5972222222222222 0.015625 0.06076388888888889
2 0.3255208333333333 0.3619791666666667 0.012152777777777778 0.043402777777777776
2 0.4314236111111111 0.4939236111111111 0.016493055555555556 0.050347222222222224
2 0.6909722222222222 0.6067708333333334 0.011284722222222222 0.06597222222222222
2 0.4809027777777778 0.4635416666666667 0.011284722222222222 0.05295138888888889
2 0.5381944444444444 0.5668402777777778 0.015625 0.06163194444444445
2 0.7118055555555556 0.4618055555555556 0.013888888888888888 0.05642361111111111
2 0.5112847222222222 0.5998263888888888 0.016493055555555556 0.059895833333333336
2 0.5225694444444444 0.6380208333333334 0.019097222222222224 0.06336805555555555
2 0.2829861111111111 0.4835069444444444 0.016493055555555556 0.050347222222222224
2 0.4644097222222222 0.5486111111111112 0.017361111111111112 0.058159722222222224
2 0.7586805555555556 0.5868055555555556 0.019097222222222224 0.06684027777777778
2 0.2065972222222222 0.5486111111111112 0.024305555555555556 0.046875
2 0.5824652777777778 0.5425347222222222 0.019965277777777776 0.05295138888888889
2 0.3350694444444444 0.6128472222222222 0.019097222222222224 0.06336805555555555
0 0.3064236111111111 0.3958333333333333 0.004340277777777778 0.008680555555555556