2 0.6475694444444444 0.4149305555555556 0.009548611111111112 0.042534722222222224
2 0.7204861111111112 0.4817708333333333 0.014756944444444444 0.050347222222222224
2 0.6467013888888888 0.4513888888888889 0.012152777777777778 0.051215277777777776
2 0.4340277777777778 0.4088541666666667 0.013888888888888888 0.04600694444444445
2 0.4036458333333333 0.4079861111111111 0.013020833333333334 0.04513888888888889
2 0.3203125 0.5868055555555556 0.0234375 0.05642361111111111
3 0.4479166666666667 0.4288194444444444 0.012152777777777778 0.049479166666666664
2 0.3914930555555556 0.5121527777777778 0.011284722222222222 0.050347222222222224
3 0.9479166666666666 0.8376736111111112 0.03125 0.07465277777777778
1 0.9236111111111112 0.4105902777777778 0.016493055555555556 0.046875
2 0.3194444444444444 0.6345486111111112 0.019097222222222224 0.06510416666666667
2 0.2907986111111111 0.5017361111111112 0.012152777777777778 0.0546875
2 0.4748263888888889 0.5442708333333334 0.014756944444444444 0.05642361111111111
2 0.6875 0.5651041666666666 0.013020833333333334 0.06076388888888889
2 0.7300347222222222 0.5295138888888888 0.014756944444444444 0.059027777777777776
2 0.5460069444444444 0.5598958333333334 0.013888888888888888 0.058159722222222224
2 0.5625 0.5607638888888888 0.013020833333333334 0.057291666666666664
2 0.4557291666666667 0.5607638888888888 0.019965277777777776 0.05555555555555555
2 0.5928819444444444 0.6111111111111112 0.018229166666666668 0.06076388888888889
2 0.8081597222222222 0.6284722222222222 0.015625 0.05555555555555555
2 0.4088541666666667 0.6354166666666666 0.020833333333333332 0.06510416666666667
2 0.4340277777777778 0.6284722222222222 0.016493055555555556 0.06684027777777778
2 0.2664930555555556 0.5703125 0.017361111111111112 0.05555555555555555
0 0.4670138888888889 0.3914930555555556 0.006076388888888889 0.011284722222222222
3 0.3125 0.2586805555555556 0.0078125 0.030381944444444444