2 0.2439236111111111 0.453125 0.006944444444444444 0.03819444444444445
2 0.8637152777777778 0.7065972222222222 0.016493055555555556 0.036458333333333336
2 0.1545138888888889 0.5399305555555556 0.020833333333333332 0.025173611111111112
2 0.2326388888888889 0.4357638888888889 0.006076388888888889 0.03819444444444445
2 0.2638888888888889 0.4670138888888889 0.009548611111111112 0.042534722222222224
2 0.2508680555555556 0.5190972222222222 0.009548611111111112 0.04079861111111111
3 0.3385416666666667 0.4869791666666667 0.012152777777777778 0.04079861111111111
2 0.3958333333333333 0.5208333333333334 0.009548611111111112 0.049479166666666664
2 0.7934027777777778 0.5407986111111112 0.009548611111111112 0.044270833333333336
2 0.3723958333333333 0.5078125 0.009548611111111112 0.043402777777777776
2 0.7777777777777778 0.5668402777777778 0.009548611111111112 0.051215277777777776
2 0.8289930555555556 0.5425347222222222 0.009548611111111112 0.049479166666666664
2 0.609375 0.4409722222222222 0.009548611111111112 0.033854166666666664
2 0.8368055555555556 0.6875 0.017361111111111112 0.06597222222222222
2 0.4800347222222222 0.5538194444444444 0.010416666666666666 0.04774305555555555
2 0.6657986111111112 0.6979166666666666 0.016493055555555556 0.058159722222222224
2 0.051215277777777776 0.5616319444444444 0.013020833333333334 0.03993055555555555
0 0.3489583333333333 0.3984375 0.004340277777777778 0.009548611111111112
2 0.2690972222222222 0.4375 0.0078125 0.033854166666666664
2 0.23524305555555555 0.453125 0.008680555555555556 0.043402777777777776
1 0.2534722222222222 0.4401041666666667 0.013020833333333334 0.027777777777777776
2 0.4079861111111111 0.4453125 0.011284722222222222 0.035590277777777776
2 0.46875 0.5546875 0.012152777777777778 0.052083333333333336
3 0.4053819444444444 0.34375 0.0078125 0.03125