2 0.19444444444444445 0.5477430555555556 0.013888888888888888 0.04079861111111111
2 0.20399305555555555 0.5460069444444444 0.016493055555555556 0.0390625
2 0.2664930555555556 0.5017361111111112 0.014756944444444444 0.042534722222222224
2 0.3680555555555556 0.4479166666666667 0.0078125 0.033854166666666664
1 0.19010416666666666 0.4565972222222222 0.016493055555555556 0.033854166666666664
2 0.3524305555555556 0.4279513888888889 0.008680555555555556 0.03732638888888889
3 0.4114583333333333 0.4817708333333333 0.015625 0.03819444444444445
2 0.2916666666666667 0.4739583333333333 0.011284722222222222 0.036458333333333336
2 0.4696180555555556 0.5442708333333334 0.011284722222222222 0.04513888888888889
2 0.4444444444444444 0.4869791666666667 0.008680555555555556 0.03993055555555555
2 0.6901041666666666 0.4487847222222222 0.0078125 0.03993055555555555
2 0.328125 0.5138888888888888 0.017361111111111112 0.04600694444444445
2 0.8324652777777778 0.5434027777777778 0.011284722222222222 0.049479166666666664
2 0.4340277777777778 0.5546875 0.013888888888888888 0.049479166666666664
2 0.3029513888888889 0.5659722222222222 0.016493055555555556 0.049479166666666664
2 0.5668402777777778 0.5894097222222222 0.009548611111111112 0.051215277777777776
2 0.9027777777777778 0.6961805555555556 0.011284722222222222 0.0642361111111111
2 0.8237847222222222 0.5746527777777778 0.012152777777777778 0.051215277777777776
2 0.8715277777777778 0.5512152777777778 0.011284722222222222 0.049479166666666664
2 0.7369791666666666 0.7092013888888888 0.014756944444444444 0.05642361111111111
2 0.5954861111111112 0.5998263888888888 0.013888888888888888 0.051215277777777776
2 0.890625 0.7135416666666666 0.021701388888888888 0.06684027777777778
3 0.4704861111111111 0.3394097222222222 0.0078125 0.0234375