1 0.9965277777777778 0.3828125 0.006944444444444444 0.03819444444444445
2 0.5868055555555556 0.3411458333333333 0.013020833333333334 0.029513888888888888
2 0.5078125 0.3411458333333333 0.010416666666666666 0.03732638888888889
2 0.6571180555555556 0.3324652777777778 0.009548611111111112 0.0390625
2 0.2326388888888889 0.4149305555555556 0.009548611111111112 0.041666666666666664
2 0.2803819444444444 0.3628472222222222 0.013020833333333334 0.03732638888888889
3 0.4713541666666667 0.3975694444444444 0.008680555555555556 0.03993055555555555
2 0.421875 0.4131944444444444 0.009548611111111112 0.04513888888888889
2 0.3871527777777778 0.4019097222222222 0.012152777777777778 0.046875
2 0.6545138888888888 0.4010416666666667 0.012152777777777778 0.049479166666666664
2 0.2222222222222222 0.6380208333333334 0.016493055555555556 0.06597222222222222
2 0.7465277777777778 0.3880208333333333 0.009548611111111112 0.04513888888888889
2 0.16493055555555555 0.5451388888888888 0.013888888888888888 0.059895833333333336
2 0.7248263888888888 0.5520833333333334 0.013888888888888888 0.05381944444444445
2 0.2682291666666667 0.5026041666666666 0.013020833333333334 0.058159722222222224
2 0.5859375 0.4470486111111111 0.012152777777777778 0.0546875
2 0.1970486111111111 0.4557291666666667 0.011284722222222222 0.0546875
2 0.5555555555555556 0.4418402777777778 0.012152777777777778 0.050347222222222224
2 0.22135416666666666 0.5217013888888888 0.014756944444444444 0.059027777777777776
2 0.8637152777777778 0.5026041666666666 0.021701388888888888 0.057291666666666664
2 0.6848958333333334 0.6380208333333334 0.017361111111111112 0.0642361111111111
2 0.4019097222222222 0.65625 0.026909722222222224 0.06163194444444445
0 0.4392361111111111 0.3845486111111111 0.006076388888888889 0.012152777777777778
3 0.22569444444444445 0.2847222222222222 0.011284722222222222 0.03819444444444445