2 0.8142361111111112 0.2664930555555556 0.012152777777777778 0.033854166666666664
2 0.8576388888888888 0.3420138888888889 0.014756944444444444 0.04513888888888889
2 0.7248263888888888 0.2387152777777778 0.011284722222222222 0.035590277777777776
2 0.8454861111111112 0.24739583333333334 0.008680555555555556 0.03125
2 0.8289930555555556 0.3081597222222222 0.009548611111111112 0.043402777777777776
2 0.5920138888888888 0.2717013888888889 0.008680555555555556 0.03819444444444445
2 0.8654513888888888 0.3819444444444444 0.012152777777777778 0.051215277777777776
2 0.7256944444444444 0.3116319444444444 0.008680555555555556 0.03993055555555555
2 0.5842013888888888 0.3602430555555556 0.013888888888888888 0.050347222222222224
2 0.7951388888888888 0.3081597222222222 0.011284722222222222 0.042534722222222224
2 0.5772569444444444 0.24913194444444445 0.012152777777777778 0.03298611111111111
2 0.8420138888888888 0.3229166666666667 0.011284722222222222 0.04774305555555555
1 0.1484375 0.3263888888888889 0.009548611111111112 0.043402777777777776
2 0.4131944444444444 0.296875 0.008680555555555556 0.043402777777777776
3 0.6736111111111112 0.3185763888888889 0.011284722222222222 0.043402777777777776
2 0.6536458333333334 0.2994791666666667 0.008680555555555556 0.041666666666666664
2 0.8168402777777778 0.5043402777777778 0.014756944444444444 0.05555555555555555
2 0.3645833333333333 0.3029513888888889 0.011284722222222222 0.041666666666666664
2 0.7899305555555556 0.3567708333333333 0.012152777777777778 0.043402777777777776
2 0.4149305555555556 0.3498263888888889 0.013888888888888888 0.04513888888888889
2 0.359375 0.3871527777777778 0.017361111111111112 0.050347222222222224
2 0.5112847222222222 0.5260416666666666 0.019965277777777776 0.06597222222222222
0 0.1527777777777778 0.3454861111111111 0.004340277777777778 0.008680555555555556
3 0.3845486111111111 0.2300347222222222 0.010416666666666666 0.028645833333333332