2 0.5095486111111112 0.3949652777777778 0.006944444444444444 0.03298611111111111
2 0.6953125 0.4635416666666667 0.011284722222222222 0.042534722222222224
2 0.4765625 0.3411458333333333 0.006076388888888889 0.026909722222222224
1 0.9826388888888888 0.4470486111111111 0.010416666666666666 0.041666666666666664
2 0.4071180555555556 0.3845486111111111 0.006944444444444444 0.033854166666666664
1 0.11024305555555555 0.4322916666666667 0.006944444444444444 0.0390625
2 0.7491319444444444 0.3697916666666667 0.011284722222222222 0.036458333333333336
2 0.7144097222222222 0.3862847222222222 0.006944444444444444 0.03211805555555555
2 0.5451388888888888 0.5460069444444444 0.009548611111111112 0.049479166666666664
2 0.7092013888888888 0.4618055555555556 0.009548611111111112 0.041666666666666664
2 0.4548611111111111 0.3819444444444444 0.0078125 0.033854166666666664
3 0.4852430555555556 0.5 0.009548611111111112 0.04600694444444445
2 0.3958333333333333 0.4991319444444444 0.009548611111111112 0.04774305555555555
2 0.4913194444444444 0.4470486111111111 0.006944444444444444 0.03819444444444445
2 0.3602430555555556 0.4340277777777778 0.006944444444444444 0.041666666666666664
2 0.3515625 0.6440972222222222 0.012152777777777778 0.059027777777777776
2 0.3532986111111111 0.5078125 0.009548611111111112 0.049479166666666664
2 0.2760416666666667 0.7508680555555556 0.013888888888888888 0.06076388888888889
2 0.3715277777777778 0.4322916666666667 0.008680555555555556 0.03993055555555555
2 0.5390625 0.4661458333333333 0.009548611111111112 0.042534722222222224
2 0.53125 0.7743055555555556 0.014756944444444444 0.06944444444444445
2 0.7960069444444444 0.6293402777777778 0.013020833333333334 0.05642361111111111
3 0.4296875 0.3098958333333333 0.006076388888888889 0.024305555555555556
0 0.7421875 0.3810763888888889 0.003472222222222222 0.0078125
2 0.6128472222222222 0.3133680555555556 0.0078125 0.026041666666666668