2 0.4079861111111111 0.3993055555555556 0.006944444444444444 0.03211805555555555
2 0.625 0.5581597222222222 0.014756944444444444 0.04513888888888889
2 0.4678819444444444 0.4644097222222222 0.0078125 0.044270833333333336
1 0.07118055555555555 0.4774305555555556 0.009548611111111112 0.0390625
3 0.9348958333333334 0.8854166666666666 0.0234375 0.0798611111111111
2 0.6388888888888888 0.4609375 0.008680555555555556 0.0390625
2 0.4652777777777778 0.5251736111111112 0.0078125 0.043402777777777776
2 0.3628472222222222 0.4427083333333333 0.0078125 0.03993055555555555
2 0.3203125 0.4956597222222222 0.009548611111111112 0.043402777777777776
1 0.9574652777777778 0.4869791666666667 0.014756944444444444 0.042534722222222224
2 0.7421875 0.4383680555555556 0.009548611111111112 0.04079861111111111
3 0.4479166666666667 0.578125 0.009548611111111112 0.052083333333333336
2 0.3038194444444444 0.6067708333333334 0.012152777777777778 0.05642361111111111
2 0.4166666666666667 0.4305555555555556 0.008680555555555556 0.03732638888888889
2 0.5625 0.6189236111111112 0.012152777777777778 0.052083333333333336
2 0.3524305555555556 0.4782986111111111 0.009548611111111112 0.044270833333333336
2 0.5303819444444444 0.5694444444444444 0.011284722222222222 0.05381944444444445
2 0.3932291666666667 0.5520833333333334 0.012152777777777778 0.04774305555555555
2 0.7647569444444444 0.6970486111111112 0.012152777777777778 0.06163194444444445
2 0.3697916666666667 0.71875 0.017361111111111112 0.06163194444444445
2 0.7413194444444444 0.5980902777777778 0.011284722222222222 0.049479166666666664
2 0.2604166666666667 0.8368055555555556 0.014756944444444444 0.06597222222222222
2 0.5164930555555556 0.84375 0.019097222222222224 0.07291666666666667
2 0.5685763888888888 0.3498263888888889 0.008680555555555556 0.034722222222222224
3 0.4079861111111111 0.3394097222222222 0.006944444444444444 0.027777777777777776
0 0.7369791666666666 0.5954861111111112 0.004340277777777778 0.008680555555555556