2 0.23177083333333334 0.2439236111111111 0.013888888888888888 0.041666666666666664
2 0.3428819444444444 0.17447916666666666 0.012152777777777778 0.035590277777777776
2 0.5364583333333334 0.16666666666666666 0.011284722222222222 0.03125
1 0.1892361111111111 0.22743055555555555 0.012152777777777778 0.0390625
2 0.6449652777777778 0.1935763888888889 0.008680555555555556 0.0390625
2 0.4375 0.18836805555555555 0.009548611111111112 0.04079861111111111
2 0.5060763888888888 0.3333333333333333 0.010416666666666666 0.052083333333333336
2 0.4704861111111111 0.1996527777777778 0.008680555555555556 0.041666666666666664
2 0.71875 0.1953125 0.013888888888888888 0.03993055555555555
2 0.6623263888888888 0.23177083333333334 0.008680555555555556 0.043402777777777776
2 0.0842013888888889 0.3489583333333333 0.014756944444444444 0.0546875
2 0.3055555555555556 0.5043402777777778 0.019097222222222224 0.06684027777777778
3 0.6145833333333334 0.2309027777777778 0.0078125 0.04513888888888889
2 0.8732638888888888 0.2899305555555556 0.012152777777777778 0.052083333333333336
2 0.7378472222222222 0.3246527777777778 0.011284722222222222 0.05295138888888889
2 0.78125 0.3940972222222222 0.014756944444444444 0.05555555555555555
2 0.5147569444444444 0.2717013888888889 0.013020833333333334 0.049479166666666664
2 0.4557291666666667 0.296875 0.012152777777777778 0.050347222222222224
2 0.8524305555555556 0.3689236111111111 0.013888888888888888 0.059895833333333336
2 0.6987847222222222 0.3081597222222222 0.011284722222222222 0.051215277777777776
2 0.3888888888888889 0.3958333333333333 0.016493055555555556 0.059027777777777776
2 0.7022569444444444 0.5069444444444444 0.014756944444444444 0.06597222222222222
3 0.8854166666666666 0.9131944444444444 0.0234375 0.10069444444444445
0 0.22135416666666666 0.2586805555555556 0.004340277777777778 0.009548611111111112
3 0.4019097222222222 0.12152777777777778 0.0078125 0.03298611111111111