2 0.6484375 0.3081597222222222 0.0078125 0.026909722222222224
1 0.14583333333333334 0.4244791666666667 0.014756944444444444 0.03993055555555555
2 0.3689236111111111 0.3663194444444444 0.008680555555555556 0.036458333333333336
2 0.7065972222222222 0.4418402777777778 0.008680555555555556 0.04079861111111111
2 0.7465277777777778 0.375 0.006944444444444444 0.03732638888888889
2 0.7387152777777778 0.4305555555555556 0.009548611111111112 0.04079861111111111
2 0.1111111111111111 0.6032986111111112 0.022569444444444444 0.05295138888888889
2 0.3298611111111111 0.7395833333333334 0.013020833333333334 0.06510416666666667
2 0.4253472222222222 0.3697916666666667 0.008680555555555556 0.035590277777777776
3 0.6128472222222222 0.4730902777777778 0.009548611111111112 0.046875
2 0.2907986111111111 0.4835069444444444 0.012152777777777778 0.049479166666666664
2 0.18663194444444445 0.6163194444444444 0.018229166666666668 0.04774305555555555
2 0.2421875 0.4852430555555556 0.009548611111111112 0.04600694444444445
2 0.4973958333333333 0.4088541666666667 0.008680555555555556 0.03993055555555555
2 0.65625 0.4375 0.013888888888888888 0.03993055555555555
2 0.3967013888888889 0.5182291666666666 0.021701388888888888 0.04513888888888889
2 0.7517361111111112 0.4644097222222222 0.013888888888888888 0.046875
2 0.6605902777777778 0.6414930555555556 0.013888888888888888 0.0642361111111111
2 0.7274305555555556 0.6484375 0.016493055555555556 0.06597222222222222
2 0.609375 0.5798611111111112 0.014756944444444444 0.058159722222222224
2 0.4175347222222222 0.5182291666666666 0.015625 0.04774305555555555
2 0.3532986111111111 0.7144097222222222 0.019965277777777776 0.06597222222222222
3 0.7986111111111112 0.8585069444444444 0.024305555555555556 0.078125
3 0.4401041666666667 0.2743055555555556 0.0078125 0.025173611111111112
0 0.09635416666666667 0.6189236111111112 0.005208333333333333 0.010416666666666666