2 0.5390625 0.6762152777777778 0.009548611111111112 0.05381944444444445
2 0.3385416666666667 0.4817708333333333 0.006944444444444444 0.036458333333333336
2 0.3732638888888889 0.4401041666666667 0.006944444444444444 0.028645833333333332
2 0.4418402777777778 0.5512152777777778 0.008680555555555556 0.03993055555555555
3 0.9244791666666666 0.8550347222222222 0.013888888888888888 0.06684027777777778
2 0.5451388888888888 0.390625 0.0078125 0.030381944444444444
1 0.059895833333333336 0.5199652777777778 0.011284722222222222 0.036458333333333336
3 0.4392361111111111 0.5789930555555556 0.009548611111111112 0.04600694444444445
2 0.5581597222222222 0.5720486111111112 0.0078125 0.04774305555555555
2 0.4409722222222222 0.4965277777777778 0.009548611111111112 0.03819444444444445
2 0.2986111111111111 0.5399305555555556 0.010416666666666666 0.04079861111111111
2 0.3784722222222222 0.7595486111111112 0.014756944444444444 0.06076388888888889
2 0.3784722222222222 0.4713541666666667 0.008680555555555556 0.036458333333333336
2 0.2881944444444444 0.6545138888888888 0.016493055555555556 0.0546875
2 0.5989583333333334 0.4956597222222222 0.0078125 0.036458333333333336
2 0.5720486111111112 0.546875 0.016493055555555556 0.041666666666666664
2 0.3385416666666667 0.5217013888888888 0.009548611111111112 0.04774305555555555
1 0.8776041666666666 0.4965277777777778 0.010416666666666666 0.03993055555555555
2 0.7439236111111112 0.5017361111111112 0.009548611111111112 0.042534722222222224
2 0.7413194444444444 0.6449652777777778 0.012152777777777778 0.04774305555555555
2 0.3732638888888889 0.5868055555555556 0.0078125 0.046875
2 0.703125 0.7065972222222222 0.013888888888888888 0.059895833333333336
2 0.2204861111111111 0.8246527777777778 0.014756944444444444 0.0642361111111111
2 0.4930555555555556 0.8524305555555556 0.019965277777777776 0.06770833333333333
3 0.3819444444444444 0.3776041666666667 0.006076388888888889 0.025173611111111112
0 0.6979166666666666 0.7178819444444444 0.005208333333333333 0.008680555555555556