2 0.21875 0.3802083333333333 0.021701388888888888 0.05381944444444445
2 0.6302083333333334 0.17100694444444445 0.008680555555555556 0.03732638888888889
1 0.07291666666666667 0.3185763888888889 0.010416666666666666 0.04774305555555555
2 0.3810763888888889 0.2456597222222222 0.010416666666666666 0.04774305555555555
2 0.2543402777777778 0.4210069444444444 0.014756944444444444 0.0546875
3 0.4817708333333333 0.3880208333333333 0.009548611111111112 0.05642361111111111
3 0.9131944444444444 0.9010416666666666 0.025173611111111112 0.1032986111111111
2 0.4279513888888889 0.24913194444444445 0.010416666666666666 0.042534722222222224
2 0.1076388888888889 0.6119791666666666 0.019097222222222224 0.07291666666666667
2 0.8428819444444444 0.3133680555555556 0.011284722222222222 0.05381944444444445
2 0.8932291666666666 0.3680555555555556 0.009548611111111112 0.06163194444444445
2 0.4878472222222222 0.2899305555555556 0.014756944444444444 0.04774305555555555
2 0.1953125 0.3246527777777778 0.016493055555555556 0.050347222222222224
2 0.22135416666666666 0.4184027777777778 0.019965277777777776 0.05295138888888889
2 0.24479166666666666 0.4375 0.014756944444444444 0.059895833333333336
2 0.8732638888888888 0.2743055555555556 0.010416666666666666 0.04774305555555555
2 0.6302083333333334 0.3975694444444444 0.016493055555555556 0.058159722222222224
2 0.3958333333333333 0.5642361111111112 0.014756944444444444 0.06770833333333333
2 0.1909722222222222 0.5894097222222222 0.026041666666666668 0.06684027777777778
2 0.7855902777777778 0.5564236111111112 0.015625 0.0798611111111111
2 0.6579861111111112 0.3689236111111111 0.010416666666666666 0.06076388888888889
2 0.7274305555555556 0.5407986111111112 0.018229166666666668 0.07465277777777778
2 0.4635416666666667 0.5269097222222222 0.0234375 0.06336805555555555
3 0.4921875 0.1284722222222222 0.009548611111111112 0.03125
0 0.24913194444444445 0.3975694444444444 0.005208333333333333 0.008680555555555556