3 0.2109375 0.3602430555555556 0.009548611111111112 0.026041666666666668
2 0.3689236111111111 0.3871527777777778 0.0078125 0.03211805555555555
2 0.2526041666666667 0.4192708333333333 0.011284722222222222 0.03732638888888889
1 0.8420138888888888 0.4505208333333333 0.009548611111111112 0.03732638888888889
2 0.2578125 0.4548611111111111 0.006944444444444444 0.036458333333333336
2 0.7491319444444444 0.4973958333333333 0.009548611111111112 0.04513888888888889
2 0.3576388888888889 0.4131944444444444 0.008680555555555556 0.03211805555555555
3 0.4557291666666667 0.5199652777777778 0.009548611111111112 0.04513888888888889
2 0.6302083333333334 0.4366319444444444 0.006944444444444444 0.04079861111111111
2 0.4522569444444444 0.4800347222222222 0.006944444444444444 0.03819444444444445
3 0.9592013888888888 0.6935763888888888 0.024305555555555556 0.059027777777777776
2 0.1996527777777778 0.7204861111111112 0.016493055555555556 0.06597222222222222
2 0.5763888888888888 0.4227430555555556 0.011284722222222222 0.03993055555555555
2 0.21006944444444445 0.46875 0.011284722222222222 0.042534722222222224
2 0.3272569444444444 0.6024305555555556 0.011284722222222222 0.05381944444444445
2 0.8576388888888888 0.7039930555555556 0.013888888888888888 0.07118055555555555
2 0.734375 0.5390625 0.011284722222222222 0.049479166666666664
2 0.4288194444444444 0.4921875 0.011284722222222222 0.04513888888888889
2 0.4427083333333333 0.8229166666666666 0.022569444444444444 0.06684027777777778
2 0.18229166666666666 0.5251736111111112 0.012152777777777778 0.043402777777777776
2 0.7855902777777778 0.6440972222222222 0.015625 0.059027777777777776
2 0.4227430555555556 0.6041666666666666 0.014756944444444444 0.0546875
2 0.18055555555555555 0.6197916666666666 0.014756944444444444 0.0546875
2 0.3029513888888889 0.7621527777777778 0.013888888888888888 0.0685763888888889
0 0.8263888888888888 0.4574652777777778 0.005208333333333333 0.009548611111111112