2 0.5703125 0.21961805555555555 0.009548611111111112 0.03125
2 0.19791666666666666 0.2847222222222222 0.008680555555555556 0.0390625
1 0.7795138888888888 0.2690972222222222 0.009548611111111112 0.036458333333333336
2 0.5876736111111112 0.24479166666666666 0.006944444444444444 0.033854166666666664
2 0.2612847222222222 0.3107638888888889 0.008680555555555556 0.03993055555555555
2 0.16319444444444445 0.3298611111111111 0.010416666666666666 0.043402777777777776
2 0.2265625 0.3029513888888889 0.008680555555555556 0.0390625
3 0.3758680555555556 0.390625 0.012152777777777778 0.046875
2 0.5989583333333334 0.3020833333333333 0.008680555555555556 0.03993055555555555
2 0.7005208333333334 0.2934027777777778 0.012152777777777778 0.0390625
2 0.1892361111111111 0.3368055555555556 0.011284722222222222 0.04513888888888889
2 0.3090277777777778 0.3810763888888889 0.011284722222222222 0.049479166666666664
2 0.7586805555555556 0.4774305555555556 0.012152777777777778 0.059027777777777776
2 0.5182291666666666 0.2821180555555556 0.013020833333333334 0.036458333333333336
2 0.14583333333333334 0.4713541666666667 0.011284722222222222 0.0546875
2 0.4904513888888889 0.2803819444444444 0.014756944444444444 0.035590277777777776
2 0.2829861111111111 0.3741319444444444 0.016493055555555556 0.046875
2 0.5607638888888888 0.4774305555555556 0.014756944444444444 0.059027777777777776
2 0.2282986111111111 0.5755208333333334 0.014756944444444444 0.0642361111111111
2 0.2092013888888889 0.4088541666666667 0.014756944444444444 0.05381944444444445
2 0.2065972222222222 0.7135416666666666 0.03125 0.07291666666666667
3 0.1918402777777778 0.24739583333333334 0.006944444444444444 0.03298611111111111
2 0.20225694444444445 0.2690972222222222 0.006944444444444444 0.03298611111111111
0 0.7543402777777778 0.2769097222222222 0.005208333333333333 0.009548611111111112