2 0.3194444444444444 0.3567708333333333 0.009548611111111112 0.033854166666666664
2 0.4583333333333333 0.2907986111111111 0.010416666666666666 0.03819444444444445
2 0.3159722222222222 0.3671875 0.009548611111111112 0.0390625
2 0.4826388888888889 0.6979166666666666 0.025173611111111112 0.059027777777777776
2 0.10503472222222222 0.6692708333333334 0.019965277777777776 0.04513888888888889
2 0.3142361111111111 0.5503472222222222 0.019965277777777776 0.03732638888888889
2 0.5720486111111112 0.4227430555555556 0.011284722222222222 0.041666666666666664
2 0.3637152777777778 0.4348958333333333 0.009548611111111112 0.042534722222222224
2 0.2482638888888889 0.4175347222222222 0.011284722222222222 0.04079861111111111
2 0.5520833333333334 0.4461805555555556 0.009548611111111112 0.043402777777777776
2 0.18663194444444445 0.5451388888888888 0.016493055555555556 0.052083333333333336
2 0.12152777777777778 0.6553819444444444 0.021701388888888888 0.0625
1 0.8862847222222222 0.4262152777777778 0.013020833333333334 0.043402777777777776
2 0.20225694444444445 0.4522569444444444 0.012152777777777778 0.04513888888888889
2 0.6857638888888888 0.3637152777777778 0.009548611111111112 0.0390625
2 0.4947916666666667 0.5694444444444444 0.016493055555555556 0.057291666666666664
3 0.3350694444444444 0.5190972222222222 0.011284722222222222 0.051215277777777776
3 0.8975694444444444 0.8333333333333334 0.016493055555555556 0.07552083333333333
2 0.22395833333333334 0.5234375 0.016493055555555556 0.049479166666666664
2 0.2361111111111111 0.4296875 0.012152777777777778 0.043402777777777776
2 0.5407986111111112 0.6171875 0.019097222222222224 0.059027777777777776
2 0.8237847222222222 0.6145833333333334 0.014756944444444444 0.058159722222222224
2 0.4184027777777778 0.7309027777777778 0.029513888888888888 0.05555555555555555
0 0.4270833333333333 0.7248263888888888 0.008680555555555556 0.015625
3 0.3237847222222222 0.2855902777777778 0.006944444444444444 0.027777777777777776