3 0.4357638888888889 0.2248263888888889 0.006944444444444444 0.034722222222222224
2 0.8098958333333334 0.3211805555555556 0.009548611111111112 0.04513888888888889
2 0.8038194444444444 0.2578125 0.010416666666666666 0.036458333333333336
2 0.4930555555555556 0.2421875 0.006944444444444444 0.03298611111111111
2 0.8159722222222222 0.4366319444444444 0.011284722222222222 0.0642361111111111
2 0.8055555555555556 0.3368055555555556 0.012152777777777778 0.046875
2 0.8038194444444444 0.3854166666666667 0.010416666666666666 0.046875
2 0.7821180555555556 0.2751736111111111 0.012152777777777778 0.0390625
2 0.5512152777777778 0.2751736111111111 0.006076388888888889 0.03732638888888889
2 0.4270833333333333 0.3185763888888889 0.008680555555555556 0.042534722222222224
2 0.8237847222222222 0.4279513888888889 0.014756944444444444 0.0546875
2 0.6388888888888888 0.3333333333333333 0.010416666666666666 0.04600694444444445
2 0.7925347222222222 0.3211805555555556 0.008680555555555556 0.041666666666666664
3 0.6449652777777778 0.3550347222222222 0.010416666666666666 0.046875
2 0.6892361111111112 0.3411458333333333 0.011284722222222222 0.043402777777777776
2 0.2725694444444444 0.3819444444444444 0.017361111111111112 0.04513888888888889
2 0.4348958333333333 0.3619791666666667 0.011284722222222222 0.04513888888888889
2 0.7109375 0.5989583333333334 0.018229166666666668 0.06944444444444445
3 0.984375 0.9618055555555556 0.030381944444444444 0.07465277777777778
1 0.1996527777777778 0.3298611111111111 0.018229166666666668 0.046875
2 0.3020833333333333 0.3706597222222222 0.011284722222222222 0.04774305555555555
2 0.5625 0.3967013888888889 0.017361111111111112 0.052083333333333336
2 0.3715277777777778 0.6744791666666666 0.024305555555555556 0.06597222222222222
0 0.21006944444444445 0.3498263888888889 0.005208333333333333 0.010416666666666666
2 0.7352430555555556 0.2378472222222222 0.009548611111111112 0.03993055555555555