2 0.3940972222222222 0.4383680555555556 0.011284722222222222 0.0390625
1 0.015625 0.4296875 0.013020833333333334 0.0390625
2 0.4444444444444444 0.3116319444444444 0.009548611111111112 0.026909722222222224
2 0.2769097222222222 0.4175347222222222 0.0078125 0.042534722222222224
2 0.28125 0.5147569444444444 0.018229166666666668 0.050347222222222224
2 0.5972222222222222 0.3671875 0.006944444444444444 0.035590277777777776
2 0.4661458333333333 0.3654513888888889 0.0078125 0.036458333333333336
2 0.2847222222222222 0.4184027777777778 0.009548611111111112 0.04513888888888889
2 0.328125 0.3645833333333333 0.008680555555555556 0.035590277777777776
2 0.3932291666666667 0.328125 0.006944444444444444 0.03298611111111111
3 0.3923611111111111 0.4539930555555556 0.012152777777777778 0.044270833333333336
2 0.8897569444444444 0.40625 0.010416666666666666 0.042534722222222224
2 0.6631944444444444 0.3307291666666667 0.009548611111111112 0.035590277777777776
2 0.4713541666666667 0.5112847222222222 0.008680555555555556 0.04774305555555555
2 0.5755208333333334 0.3984375 0.0078125 0.0390625
2 0.59375 0.4383680555555556 0.008680555555555556 0.041666666666666664
2 0.4565972222222222 0.46875 0.009548611111111112 0.046875
2 0.3342013888888889 0.4765625 0.008680555555555556 0.04600694444444445
3 0.9782986111111112 0.8246527777777778 0.020833333333333332 0.08072916666666667
2 0.8125 0.4947916666666667 0.014756944444444444 0.04513888888888889
2 0.2760416666666667 0.6050347222222222 0.011284722222222222 0.057291666666666664
2 0.3611111111111111 0.5607638888888888 0.011284722222222222 0.05555555555555555
2 0.4661458333333333 0.8064236111111112 0.027777777777777776 0.06944444444444445
0 0.8064236111111112 0.5121527777777778 0.005208333333333333 0.009548611111111112
2 0.5338541666666666 0.2847222222222222 0.011284722222222222 0.033854166666666664
3 0.3541666666666667 0.2873263888888889 0.008680555555555556 0.027777777777777776