2 0.2934027777777778 0.20052083333333334 0.009548611111111112 0.04079861111111111
1 0.19791666666666666 0.2170138888888889 0.010416666666666666 0.046875
2 0.3246527777777778 0.1623263888888889 0.008680555555555556 0.04079861111111111
2 0.3715277777777778 0.17881944444444445 0.008680555555555556 0.04079861111111111
2 0.5590277777777778 0.17274305555555555 0.010416666666666666 0.035590277777777776
2 0.4782986111111111 0.1640625 0.0078125 0.036458333333333336
2 0.4097222222222222 0.19270833333333334 0.009548611111111112 0.04079861111111111
2 0.4505208333333333 0.2786458333333333 0.009548611111111112 0.041666666666666664
2 0.125 0.3177083333333333 0.012152777777777778 0.05381944444444445
2 0.6710069444444444 0.1840277777777778 0.006944444444444444 0.041666666666666664
2 0.6736111111111112 0.3055555555555556 0.008680555555555556 0.052083333333333336
2 0.4574652777777778 0.2526041666666667 0.008680555555555556 0.044270833333333336
2 0.6475694444444444 0.21875 0.008680555555555556 0.04600694444444445
2 0.4036458333333333 0.2873263888888889 0.009548611111111112 0.05295138888888889
2 0.8324652777777778 0.24479166666666666 0.012152777777777778 0.051215277777777776
2 0.8342013888888888 0.328125 0.009548611111111112 0.059027777777777776
2 0.6640625 0.2699652777777778 0.009548611111111112 0.051215277777777776
2 0.7326388888888888 0.3515625 0.012152777777777778 0.059027777777777776
2 0.3411458333333333 0.3671875 0.013888888888888888 0.0546875
3 0.5607638888888888 0.23697916666666666 0.013888888888888888 0.04600694444444445
2 0.3072916666666667 0.4296875 0.013888888888888888 0.06597222222222222
2 0.7196180555555556 0.4565972222222222 0.019965277777777776 0.06770833333333333
3 0.8940972222222222 0.9244791666666666 0.022569444444444444 0.1032986111111111
0 0.2300347222222222 0.2230902777777778 0.006076388888888889 0.010416666666666666
3 0.4123263888888889 0.11631944444444445 0.0078125 0.03298611111111111