2 0.4522569444444444 0.2569444444444444 0.017361111111111112 0.03732638888888889
2 0.7178819444444444 0.3263888888888889 0.012152777777777778 0.052083333333333336
2 0.6970486111111112 0.3480902777777778 0.014756944444444444 0.04861111111111111
2 0.5225694444444444 0.3272569444444444 0.009548611111111112 0.043402777777777776
2 0.6909722222222222 0.2690972222222222 0.011284722222222222 0.0390625
2 0.3836805555555556 0.3532986111111111 0.010416666666666666 0.05555555555555555
2 0.8697916666666666 0.4149305555555556 0.011284722222222222 0.057291666666666664
2 0.4045138888888889 0.2612847222222222 0.015625 0.03993055555555555
2 0.296875 0.3576388888888889 0.012152777777777778 0.049479166666666664
2 0.6883680555555556 0.3767361111111111 0.019965277777777776 0.05295138888888889
2 0.4661458333333333 0.3611111111111111 0.013020833333333334 0.04774305555555555
2 0.625 0.3611111111111111 0.013020833333333334 0.052083333333333336
2 0.5859375 0.3975694444444444 0.013888888888888888 0.05381944444444445
3 0.4774305555555556 0.4027777777777778 0.012152777777777778 0.05555555555555555
2 0.7421875 0.3506944444444444 0.015625 0.051215277777777776
2 0.5425347222222222 0.4105902777777778 0.016493055555555556 0.0546875
2 0.5894097222222222 0.5399305555555556 0.019097222222222224 0.0703125
2 0.2769097222222222 0.4331597222222222 0.011284722222222222 0.06076388888888889
2 0.2847222222222222 0.7873263888888888 0.033854166666666664 0.0842013888888889
2 0.6545138888888888 0.6006944444444444 0.017361111111111112 0.08072916666666667
2 0.2456597222222222 0.6197916666666666 0.022569444444444444 0.0798611111111111
0 0.5824652777777778 0.4140625 0.005208333333333333 0.009548611111111112
3 0.3541666666666667 0.20833333333333334 0.009548611111111112 0.03732638888888889