2 0.5772569444444444 0.1840277777777778 0.014756944444444444 0.036458333333333336
2 0.5442708333333334 0.2881944444444444 0.012152777777777778 0.041666666666666664
2 0.3159722222222222 0.23177083333333334 0.012152777777777778 0.04600694444444445
2 0.4696180555555556 0.2899305555555556 0.019965277777777776 0.04600694444444445
2 0.3767361111111111 0.3585069444444444 0.013888888888888888 0.05555555555555555
2 0.7560763888888888 0.23524305555555555 0.020833333333333332 0.03993055555555555
2 0.8142361111111112 0.4140625 0.019965277777777776 0.06944444444444445
2 0.7751736111111112 0.265625 0.010416666666666666 0.05295138888888889
2 0.7100694444444444 0.21875 0.009548611111111112 0.04513888888888889
2 0.7994791666666666 0.4296875 0.021701388888888888 0.06076388888888889
2 0.2751736111111111 0.34375 0.011284722222222222 0.05642361111111111
2 0.4357638888888889 0.2517361111111111 0.011284722222222222 0.046875
2 0.4149305555555556 0.6197916666666666 0.024305555555555556 0.07465277777777778
3 0.9348958333333334 0.875 0.043402777777777776 0.10069444444444445
2 0.5659722222222222 0.2821180555555556 0.014756944444444444 0.04600694444444445
2 0.3975694444444444 0.3220486111111111 0.011284722222222222 0.05381944444444445
2 0.4453125 0.3715277777777778 0.013020833333333334 0.05381944444444445
3 0.4878472222222222 0.3637152777777778 0.016493055555555556 0.058159722222222224
2 0.4722222222222222 0.4435763888888889 0.017361111111111112 0.06076388888888889
2 0.3559027777777778 0.3975694444444444 0.014756944444444444 0.059895833333333336
2 0.6032986111111112 0.5529513888888888 0.029513888888888888 0.06944444444444445
2 0.5477430555555556 0.2630208333333333 0.010416666666666666 0.042534722222222224
0 0.5625 0.2847222222222222 0.005208333333333333 0.008680555555555556
3 0.3958333333333333 0.1371527777777778 0.009548611111111112 0.03125