0 0.8498263888888888 0.7109375 0.006076388888888889 0.010416666666666666
2 0.2560763888888889 0.6128472222222222 0.011284722222222222 0.04600694444444445
2 0.5720486111111112 0.5494791666666666 0.010416666666666666 0.0390625
2 0.5329861111111112 0.46875 0.0078125 0.03125
2 0.3628472222222222 0.4765625 0.006944444444444444 0.03125
1 0.8506944444444444 0.5173611111111112 0.008680555555555556 0.0390625
2 0.3185763888888889 0.5390625 0.008680555555555556 0.044270833333333336
2 0.4097222222222222 0.5503472222222222 0.0078125 0.041666666666666664
2 0.4149305555555556 0.6067708333333334 0.010416666666666666 0.04513888888888889
2 0.5546875 0.5633680555555556 0.008680555555555556 0.044270833333333336
3 0.4592013888888889 0.5894097222222222 0.009548611111111112 0.043402777777777776
2 0.5026041666666666 0.6640625 0.008680555555555556 0.052083333333333336
2 0.6197916666666666 0.6822916666666666 0.019965277777777776 0.050347222222222224
2 0.3046875 0.5251736111111112 0.0078125 0.0390625
2 0.2708333333333333 0.6397569444444444 0.009548611111111112 0.046875
2 0.22569444444444445 0.6857638888888888 0.011284722222222222 0.051215277777777776
3 0.9375 0.8559027777777778 0.024305555555555556 0.06510416666666667
2 0.2612847222222222 0.7907986111111112 0.014756944444444444 0.0642361111111111
2 0.8732638888888888 0.7005208333333334 0.019097222222222224 0.0546875
2 0.453125 0.6901041666666666 0.011284722222222222 0.05381944444444445
2 0.3949652777777778 0.8871527777777778 0.014756944444444444 0.06684027777777778
2 0.4947916666666667 0.6953125 0.017361111111111112 0.0546875
2 0.051215277777777776 0.7960069444444444 0.014756944444444444 0.05555555555555555
2 0.2595486111111111 0.6015625 0.012152777777777778 0.04513888888888889
3 0.3402777777777778 0.4088541666666667 0.006076388888888889 0.026041666666666668