3 0.4296875 0.2526041666666667 0.008680555555555556 0.033854166666666664
2 0.7907986111111112 0.3819444444444444 0.009548611111111112 0.044270833333333336
2 0.7777777777777778 0.3177083333333333 0.009548611111111112 0.03819444444444445
2 0.7170138888888888 0.2743055555555556 0.0078125 0.035590277777777776
2 0.7526041666666666 0.3081597222222222 0.009548611111111112 0.03819444444444445
2 0.7638888888888888 0.3758680555555556 0.010416666666666666 0.04079861111111111
1 0.1597222222222222 0.3767361111111111 0.010416666666666666 0.04513888888888889
2 0.4696180555555556 0.296875 0.0078125 0.0390625
2 0.6232638888888888 0.3836805555555556 0.013020833333333334 0.049479166666666664
2 0.24479166666666666 0.4713541666666667 0.015625 0.04774305555555555
2 0.6753472222222222 0.4036458333333333 0.011284722222222222 0.04513888888888889
2 0.4357638888888889 0.3923611111111111 0.009548611111111112 0.044270833333333336
2 0.5772569444444444 0.3307291666666667 0.006944444444444444 0.03993055555555555
2 0.3506944444444444 0.6684027777777778 0.0234375 0.06770833333333333
2 0.4184027777777778 0.4340277777777778 0.009548611111111112 0.04600694444444445
2 0.19270833333333334 0.4765625 0.014756944444444444 0.05381944444444445
3 0.6171875 0.4262152777777778 0.011284722222222222 0.04600694444444445
2 0.7760416666666666 0.4635416666666667 0.012152777777777778 0.05642361111111111
2 0.18055555555555555 0.6449652777777778 0.026041666666666668 0.06076388888888889
2 0.8107638888888888 0.5486111111111112 0.013888888888888888 0.0642361111111111
2 0.5173611111111112 0.484375 0.016493055555555556 0.052083333333333336
3 0.8862847222222222 0.9565972222222222 0.029513888888888888 0.08680555555555555
2 0.8463541666666666 0.578125 0.014756944444444444 0.057291666666666664
0 0.19444444444444445 0.6710069444444444 0.006944444444444444 0.012152777777777778
2 0.7942708333333334 0.3914930555555556 0.011284722222222222 0.04513888888888889