2 0.4861111111111111 0.2847222222222222 0.012152777777777778 0.05295138888888889
2 0.8194444444444444 0.2786458333333333 0.009548611111111112 0.049479166666666664
2 0.6024305555555556 0.18663194444444445 0.009548611111111112 0.03819444444444445
2 0.34375 0.25 0.009548611111111112 0.04774305555555555
2 0.3585069444444444 0.4262152777777778 0.013888888888888888 0.058159722222222224
2 0.4947916666666667 0.2960069444444444 0.022569444444444444 0.03819444444444445
1 0.06944444444444445 0.3020833333333333 0.015625 0.049479166666666664
2 0.7907986111111112 0.2517361111111111 0.009548611111111112 0.049479166666666664
2 0.2664930555555556 0.3159722222222222 0.011284722222222222 0.051215277777777776
2 0.3871527777777778 0.3246527777777778 0.013020833333333334 0.052083333333333336
2 0.3654513888888889 0.3758680555555556 0.016493055555555556 0.050347222222222224
2 0.5642361111111112 0.4418402777777778 0.013888888888888888 0.0703125
2 0.8307291666666666 0.296875 0.012152777777777778 0.049479166666666664
2 0.2456597222222222 0.6206597222222222 0.028645833333333332 0.07118055555555555
3 0.4904513888888889 0.4010416666666667 0.015625 0.05555555555555555
2 0.5833333333333334 0.3585069444444444 0.012152777777777778 0.0546875
3 0.8671875 0.8715277777777778 0.035590277777777776 0.09635416666666667
2 0.4079861111111111 0.5243055555555556 0.024305555555555556 0.06597222222222222
2 0.3090277777777778 0.4453125 0.024305555555555556 0.06336805555555555
2 0.375 0.6085069444444444 0.03732638888888889 0.0720486111111111
2 0.8020833333333334 0.4713541666666667 0.018229166666666668 0.07118055555555555
2 0.7664930555555556 0.4939236111111111 0.019097222222222224 0.06684027777777778
3 0.4592013888888889 0.13020833333333334 0.009548611111111112 0.033854166666666664
0 0.4652777777777778 0.3168402777777778 0.006076388888888889 0.011284722222222222
2 0.4869791666666667 0.2951388888888889 0.011284722222222222 0.043402777777777776