2 0.515625 0.2699652777777778 0.008680555555555556 0.03298611111111111
2 0.5234375 0.2786458333333333 0.008680555555555556 0.033854166666666664
2 0.2795138888888889 0.265625 0.0078125 0.03125
2 0.23958333333333334 0.2751736111111111 0.013888888888888888 0.035590277777777776
2 0.7543402777777778 0.4244791666666667 0.014756944444444444 0.050347222222222224
2 0.234375 0.3116319444444444 0.009548611111111112 0.03819444444444445
1 0.8333333333333334 0.2751736111111111 0.010416666666666666 0.035590277777777776
2 0.6137152777777778 0.2595486111111111 0.006944444444444444 0.033854166666666664
2 0.6180555555555556 0.2994791666666667 0.010416666666666666 0.0390625
2 0.5807291666666666 0.2465277777777778 0.006944444444444444 0.03298611111111111
2 0.21180555555555555 0.3159722222222222 0.009548611111111112 0.0390625
2 0.2595486111111111 0.2951388888888889 0.011284722222222222 0.035590277777777776
3 0.4409722222222222 0.3602430555555556 0.012152777777777778 0.041666666666666664
2 0.3159722222222222 0.3229166666666667 0.008680555555555556 0.041666666666666664
2 0.7491319444444444 0.2586805555555556 0.011284722222222222 0.03211805555555555
2 0.234375 0.4565972222222222 0.014756944444444444 0.051215277777777776
2 0.21180555555555555 0.3880208333333333 0.016493055555555556 0.04513888888888889
2 0.3793402777777778 0.3541666666666667 0.011284722222222222 0.043402777777777776
2 0.3480902777777778 0.3602430555555556 0.012152777777777778 0.04600694444444445
2 0.640625 0.4470486111111111 0.010416666666666666 0.052083333333333336
2 0.4114583333333333 0.6032986111111112 0.012152777777777778 0.0703125
2 0.2578125 0.5381944444444444 0.018229166666666668 0.05555555555555555
3 0.21788194444444445 0.2508680555555556 0.013020833333333334 0.030381944444444444