2 0.7265625 0.2578125 0.017361111111111112 0.028645833333333332
2 0.3836805555555556 0.25 0.0078125 0.029513888888888888
2 0.6310763888888888 0.24479166666666666 0.006944444444444444 0.027777777777777776
2 0.6223958333333334 0.2517361111111111 0.0078125 0.029513888888888888
2 0.375 0.3012152777777778 0.011284722222222222 0.043402777777777776
2 0.3723958333333333 0.3394097222222222 0.009548611111111112 0.04600694444444445
2 0.5625 0.3350694444444444 0.008680555555555556 0.043402777777777776
2 0.3923611111111111 0.2543402777777778 0.011284722222222222 0.033854166666666664
2 0.5590277777777778 0.2526041666666667 0.008680555555555556 0.035590277777777776
2 0.7074652777777778 0.2682291666666667 0.012152777777777778 0.03298611111111111
2 0.6501736111111112 0.3090277777777778 0.008680555555555556 0.03732638888888889
2 0.3003472222222222 0.5998263888888888 0.010416666666666666 0.06163194444444445
2 0.5138888888888888 0.3151041666666667 0.010416666666666666 0.041666666666666664
2 0.8055555555555556 0.3732638888888889 0.017361111111111112 0.049479166666666664
2 0.4210069444444444 0.3203125 0.006944444444444444 0.043402777777777776
1 0.051215277777777776 0.3498263888888889 0.011284722222222222 0.043402777777777776
2 0.4210069444444444 0.3828125 0.012152777777777778 0.04774305555555555
2 0.6666666666666666 0.3532986111111111 0.012152777777777778 0.043402777777777776
3 0.4904513888888889 0.3689236111111111 0.011284722222222222 0.04513888888888889
2 0.5303819444444444 0.4670138888888889 0.014756944444444444 0.0546875
2 0.7135416666666666 0.4635416666666667 0.012152777777777778 0.059895833333333336
2 0.3177083333333333 0.4809027777777778 0.019097222222222224 0.05381944444444445
3 0.4175347222222222 0.21875 0.008680555555555556 0.027777777777777776
0 0.7352430555555556 0.2708333333333333 0.005208333333333333 0.010416666666666666