2 0.3229166666666667 0.265625 0.0078125 0.029513888888888888
3 0.24131944444444445 0.25 0.009548611111111112 0.027777777777777776
2 0.2994791666666667 0.2690972222222222 0.009548611111111112 0.03125
1 0.9618055555555556 0.3072916666666667 0.012152777777777778 0.04079861111111111
2 0.4696180555555556 0.2769097222222222 0.009548611111111112 0.034722222222222224
2 0.5980902777777778 0.265625 0.011284722222222222 0.03819444444444445
2 0.3784722222222222 0.3029513888888889 0.006944444444444444 0.03993055555555555
2 0.4348958333333333 0.3359375 0.008680555555555556 0.04079861111111111
3 0.4253472222222222 0.3567708333333333 0.011284722222222222 0.042534722222222224
2 0.7751736111111112 0.2769097222222222 0.011284722222222222 0.03732638888888889
2 0.3359375 0.2864583333333333 0.012152777777777778 0.03125
2 0.25 0.4071180555555556 0.015625 0.044270833333333336
2 0.6258680555555556 0.3081597222222222 0.008680555555555556 0.03819444444444445
2 0.2552083333333333 0.2925347222222222 0.009548611111111112 0.03211805555555555
2 0.3567708333333333 0.3350694444444444 0.011284722222222222 0.042534722222222224
2 0.6605902777777778 0.2821180555555556 0.010416666666666666 0.03993055555555555
2 0.6944444444444444 0.4079861111111111 0.014756944444444444 0.050347222222222224
3 0.9713541666666666 0.7925347222222222 0.025173611111111112 0.08246527777777778
2 0.20399305555555555 0.3515625 0.011284722222222222 0.044270833333333336
2 0.6736111111111112 0.4401041666666667 0.012152777777777778 0.05295138888888889
2 0.4991319444444444 0.5295138888888888 0.012152777777777778 0.059027777777777776
2 0.22395833333333334 0.4965277777777778 0.014756944444444444 0.05295138888888889
0 0.3064236111111111 0.2690972222222222 0.003472222222222222 0.006944444444444444
2 0.2526041666666667 0.2899305555555556 0.008680555555555556 0.03819444444444445
2 0.46875 0.2673611111111111 0.010416666666666666 0.034722222222222224