2 0.6501736111111112 0.3723958333333333 0.009548611111111112 0.035590277777777776
2 0.3038194444444444 0.4010416666666667 0.008680555555555556 0.036458333333333336
1 0.8116319444444444 0.3619791666666667 0.008680555555555556 0.03298611111111111
2 0.3446180555555556 0.3272569444444444 0.0078125 0.03211805555555555
2 0.2526041666666667 0.4114583333333333 0.009548611111111112 0.041666666666666664
2 0.7934027777777778 0.3715277777777778 0.010416666666666666 0.033854166666666664
2 0.2595486111111111 0.4453125 0.009548611111111112 0.04600694444444445
2 0.5026041666666666 0.4010416666666667 0.008680555555555556 0.03298611111111111
2 0.3984375 0.3689236111111111 0.006944444444444444 0.03298611111111111
2 0.6423611111111112 0.3715277777777778 0.008680555555555556 0.03732638888888889
2 0.4835069444444444 0.4704861111111111 0.011284722222222222 0.043402777777777776
2 0.6831597222222222 0.4513888888888889 0.008680555555555556 0.04513888888888889
2 0.5329861111111112 0.7447916666666666 0.013888888888888888 0.0703125
3 0.5052083333333334 0.4314236111111111 0.011284722222222222 0.042534722222222224
2 0.3819444444444444 0.4782986111111111 0.010416666666666666 0.044270833333333336
2 0.2855902777777778 0.3654513888888889 0.010416666666666666 0.036458333333333336
2 0.4722222222222222 0.4053819444444444 0.011284722222222222 0.03819444444444445
2 0.84375 0.5703125 0.014756944444444444 0.057291666666666664
2 0.2361111111111111 0.4991319444444444 0.013020833333333334 0.05295138888888889
2 0.7838541666666666 0.5824652777777778 0.012152777777777778 0.0546875
2 0.2803819444444444 0.6128472222222222 0.013888888888888888 0.059027777777777776
2 0.3480902777777778 0.6536458333333334 0.016493055555555556 0.0642361111111111
0 0.7282986111111112 0.3133680555555556 0.0078125 0.013888888888888888
3 0.2465277777777778 0.3159722222222222 0.008680555555555556 0.03211805555555555