1 0.15711805555555555 0.4496527777777778 0.008680555555555556 0.0390625
2 0.0703125 0.5182291666666666 0.013888888888888888 0.041666666666666664
2 0.3993055555555556 0.3715277777777778 0.006944444444444444 0.03298611111111111
2 0.6675347222222222 0.3211805555555556 0.006076388888888889 0.025173611111111112
2 0.4331597222222222 0.3741319444444444 0.0078125 0.036458333333333336
2 0.7612847222222222 0.4296875 0.009548611111111112 0.036458333333333336
2 0.3333333333333333 0.4913194444444444 0.0078125 0.04600694444444445
2 0.7638888888888888 0.3862847222222222 0.009548611111111112 0.033854166666666664
2 0.2534722222222222 0.4592013888888889 0.008680555555555556 0.04079861111111111
2 0.15364583333333334 0.5026041666666666 0.009548611111111112 0.033854166666666664
2 0.7230902777777778 0.4678819444444444 0.010416666666666666 0.033854166666666664
2 0.5173611111111112 0.4314236111111111 0.008680555555555556 0.03993055555555555
2 0.375 0.5086805555555556 0.010416666666666666 0.04600694444444445
2 0.4453125 0.5112847222222222 0.012152777777777778 0.044270833333333336
2 0.7230902777777778 0.6388888888888888 0.013020833333333334 0.057291666666666664
2 0.7743055555555556 0.4696180555555556 0.015625 0.04079861111111111
2 0.5815972222222222 0.4366319444444444 0.013020833333333334 0.03819444444444445
2 0.3967013888888889 0.6684027777777778 0.010416666666666666 0.06076388888888889
2 0.3715277777777778 0.6848958333333334 0.013888888888888888 0.06336805555555555
2 0.6527777777777778 0.5833333333333334 0.008680555555555556 0.05381944444444445
3 0.7942708333333334 0.84375 0.019097222222222224 0.07378472222222222
3 0.5555555555555556 0.4826388888888889 0.012152777777777778 0.04600694444444445
2 0.7690972222222222 0.6380208333333334 0.010416666666666666 0.057291666666666664
3 0.4296875 0.2751736111111111 0.006944444444444444 0.027777777777777776