2 0.3472222222222222 0.515625 0.013020833333333334 0.036458333333333336
3 0.7647569444444444 0.9019097222222222 0.03211805555555555 0.06336805555555555
1 0.0546875 0.53125 0.010416666666666666 0.035590277777777776
2 0.4600694444444444 0.4583333333333333 0.006944444444444444 0.029513888888888888
2 0.6519097222222222 0.5034722222222222 0.009548611111111112 0.03732638888888889
2 0.17708333333333334 0.6710069444444444 0.017361111111111112 0.050347222222222224
2 0.4592013888888889 0.5737847222222222 0.012152777777777778 0.044270833333333336
2 0.6675347222222222 0.5685763888888888 0.008680555555555556 0.043402777777777776
2 0.5164930555555556 0.7065972222222222 0.010416666666666666 0.058159722222222224
2 0.2838541666666667 0.5842013888888888 0.011284722222222222 0.04513888888888889
3 0.4982638888888889 0.5876736111111112 0.012152777777777778 0.04600694444444445
2 0.296875 0.6336805555555556 0.013888888888888888 0.052083333333333336
2 0.5434027777777778 0.7404513888888888 0.013020833333333334 0.06076388888888889
2 0.3454861111111111 0.7725694444444444 0.015625 0.06076388888888889
2 0.5590277777777778 0.6996527777777778 0.012152777777777778 0.05381944444444445
2 0.4522569444444444 0.6388888888888888 0.016493055555555556 0.052083333333333336
2 0.5746527777777778 0.6067708333333334 0.013020833333333334 0.04774305555555555
2 0.5347222222222222 0.6744791666666666 0.014756944444444444 0.05381944444444445
2 0.7300347222222222 0.6805555555555556 0.019965277777777776 0.05381944444444445
2 0.052083333333333336 0.7213541666666666 0.013020833333333334 0.051215277777777776
2 0.3151041666666667 0.6336805555555556 0.016493055555555556 0.04774305555555555
2 0.4175347222222222 0.8385416666666666 0.020833333333333332 0.0642361111111111
2 0.3420138888888889 0.5381944444444444 0.013020833333333334 0.04774305555555555
3 0.3836805555555556 0.390625 0.006944444444444444 0.025173611111111112
0 0.7335069444444444 0.703125 0.006944444444444444 0.013020833333333334