3 0.859375 0.9045138888888888 0.03732638888888889 0.08680555555555555
2 0.6657986111111112 0.3454861111111111 0.009548611111111112 0.036458333333333336
2 0.5069444444444444 0.3715277777777778 0.010416666666666666 0.035590277777777776
2 0.5763888888888888 0.3081597222222222 0.008680555555555556 0.033854166666666664
0 0.7387152777777778 0.8446180555555556 0.006944444444444444 0.013020833333333334
2 0.7708333333333334 0.5407986111111112 0.019097222222222224 0.05642361111111111
2 0.6875 0.4435763888888889 0.013888888888888888 0.041666666666666664
2 0.3940972222222222 0.3550347222222222 0.008680555555555556 0.03993055555555555
1 0.07118055555555555 0.4149305555555556 0.012152777777777778 0.042534722222222224
2 0.7092013888888888 0.40625 0.012152777777777778 0.04079861111111111
2 0.7387152777777778 0.4375 0.016493055555555556 0.04513888888888889
2 0.3472222222222222 0.4557291666666667 0.009548611111111112 0.046875
2 0.8098958333333334 0.7578125 0.019965277777777776 0.07118055555555555
2 0.6276041666666666 0.3411458333333333 0.010416666666666666 0.033854166666666664
2 0.5329861111111112 0.4279513888888889 0.013020833333333334 0.04513888888888889
2 0.4036458333333333 0.5746527777777778 0.016493055555555556 0.057291666666666664
2 0.5659722222222222 0.4409722222222222 0.012152777777777778 0.042534722222222224
2 0.1875 0.5842013888888888 0.013020833333333334 0.05381944444444445
3 0.5234375 0.4930555555555556 0.013888888888888888 0.049479166666666664
2 0.8090277777777778 0.7986111111111112 0.026041666666666668 0.07899305555555555
2 0.14322916666666666 0.5659722222222222 0.020833333333333332 0.057291666666666664
2 0.3220486111111111 0.5260416666666666 0.012152777777777778 0.05295138888888889
2 0.23177083333333334 0.7491319444444444 0.026909722222222224 0.06163194444444445
2 0.15885416666666666 0.6788194444444444 0.019097222222222224 0.059027777777777776
3 0.359375 0.2795138888888889 0.009548611111111112 0.028645833333333332