3 0.3758680555555556 0.5694444444444444 0.010416666666666666 0.04079861111111111
2 0.2838541666666667 0.4618055555555556 0.008680555555555556 0.036458333333333336
2 0.6484375 0.4305555555555556 0.006944444444444444 0.03298611111111111
2 0.3680555555555556 0.6067708333333334 0.009548611111111112 0.052083333333333336
2 0.3819444444444444 0.4079861111111111 0.006076388888888889 0.030381944444444444
1 0.13975694444444445 0.5008680555555556 0.009548611111111112 0.03993055555555555
2 0.2777777777777778 0.4765625 0.008680555555555556 0.04079861111111111
2 0.3107638888888889 0.6501736111111112 0.019965277777777776 0.052083333333333336
2 0.16319444444444445 0.5121527777777778 0.008680555555555556 0.04079861111111111
2 0.6840277777777778 0.4826388888888889 0.008680555555555556 0.043402777777777776
2 0.4322916666666667 0.5052083333333334 0.009548611111111112 0.042534722222222224
2 0.0798611111111111 0.5963541666666666 0.009548611111111112 0.05295138888888889
2 0.6041666666666666 0.4322916666666667 0.008680555555555556 0.035590277777777776
2 0.3932291666666667 0.4678819444444444 0.008680555555555556 0.04079861111111111
2 0.4982638888888889 0.5190972222222222 0.008680555555555556 0.04079861111111111
2 0.3871527777777778 0.5911458333333334 0.016493055555555556 0.050347222222222224
2 0.1875 0.7395833333333334 0.013888888888888888 0.06510416666666667
2 0.6736111111111112 0.5980902777777778 0.011284722222222222 0.052083333333333336
2 0.3107638888888889 0.5494791666666666 0.009548611111111112 0.044270833333333336
2 0.23697916666666666 0.6258680555555556 0.013020833333333334 0.051215277777777776
3 0.7222222222222222 0.9461805555555556 0.0234375 0.07899305555555555
2 0.4539930555555556 0.5928819444444444 0.012152777777777778 0.05381944444444445
2 0.4592013888888889 0.7170138888888888 0.020833333333333332 0.06076388888888889
0 0.1501736111111111 0.5130208333333334 0.004340277777777778 0.008680555555555556
3 0.3194444444444444 0.3645833333333333 0.006076388888888889 0.028645833333333332