3 0.4305555555555556 0.12239583333333333 0.009548611111111112 0.03298611111111111
2 0.5520833333333334 0.1527777777777778 0.006944444444444444 0.035590277777777776
2 0.7621527777777778 0.21180555555555555 0.013888888888888888 0.043402777777777776
2 0.3619791666666667 0.1875 0.008680555555555556 0.041666666666666664
2 0.8376736111111112 0.3229166666666667 0.013888888888888888 0.06076388888888889
2 0.2421875 0.3072916666666667 0.014756944444444444 0.050347222222222224
2 0.6788194444444444 0.21354166666666666 0.009548611111111112 0.04513888888888889
2 0.4887152777777778 0.22569444444444445 0.009548611111111112 0.041666666666666664
2 0.3559027777777778 0.3272569444444444 0.019965277777777776 0.051215277777777776
2 0.4756944444444444 0.203125 0.009548611111111112 0.04079861111111111
2 0.6744791666666666 0.2621527777777778 0.009548611111111112 0.046875
2 0.09809027777777778 0.4470486111111111 0.014756944444444444 0.06510416666666667
3 0.6223958333333334 0.23697916666666666 0.012152777777777778 0.04513888888888889
2 0.8914930555555556 0.4453125 0.014756944444444444 0.06076388888888889
2 0.7465277777777778 0.3324652777777778 0.016493055555555556 0.05555555555555555
2 0.5 0.3828125 0.013020833333333334 0.05642361111111111
2 0.5243055555555556 0.3029513888888889 0.012152777777777778 0.051215277777777776
2 0.8133680555555556 0.5026041666666666 0.013888888888888888 0.06944444444444445
2 0.2586805555555556 0.6206597222222222 0.017361111111111112 0.07552083333333333
2 0.6736111111111112 0.3715277777777778 0.013020833333333334 0.057291666666666664
3 0.9053819444444444 0.9053819444444444 0.035590277777777776 0.1032986111111111
2 0.4340277777777778 0.4114583333333333 0.011284722222222222 0.059027777777777776
2 0.5876736111111112 0.5746527777777778 0.015625 0.07899305555555555
1 0.1371527777777778 0.2421875 0.013888888888888888 0.05295138888888889
0 0.2439236111111111 0.3350694444444444 0.006076388888888889 0.011284722222222222