3 0.3107638888888889 0.3151041666666667 0.006944444444444444 0.026041666666666668
0 0.9314236111111112 0.7612847222222222 0.010416666666666666 0.014756944444444444
2 0.5581597222222222 0.3663194444444444 0.006944444444444444 0.03298611111111111
2 0.3984375 0.4053819444444444 0.008680555555555556 0.036458333333333336
2 0.5130208333333334 0.3671875 0.006944444444444444 0.030381944444444444
2 0.8923611111111112 0.78125 0.020833333333333332 0.04774305555555555
2 0.4878472222222222 0.4835069444444444 0.012152777777777778 0.044270833333333336
2 0.5243055555555556 0.4756944444444444 0.012152777777777778 0.042534722222222224
2 0.1840277777777778 0.6675347222222222 0.017361111111111112 0.05555555555555555
2 0.7248263888888888 0.4583333333333333 0.016493055555555556 0.042534722222222224
2 0.421875 0.8055555555555556 0.013888888888888888 0.06336805555555555
3 0.5130208333333334 0.5234375 0.013020833333333334 0.046875
2 0.4175347222222222 0.359375 0.006944444444444444 0.036458333333333336
2 0.3020833333333333 0.4131944444444444 0.011284722222222222 0.03732638888888889
3 0.9253472222222222 0.8246527777777778 0.03211805555555555 0.07378472222222222
2 0.7074652777777778 0.5251736111111112 0.014756944444444444 0.044270833333333336
2 0.6657986111111112 0.4227430555555556 0.013888888888888888 0.042534722222222224
2 0.2708333333333333 0.4904513888888889 0.013888888888888888 0.04600694444444445
2 0.2595486111111111 0.7404513888888888 0.013020833333333334 0.06076388888888889
2 0.3072916666666667 0.6085069444444444 0.016493055555555556 0.05295138888888889
2 0.8706597222222222 0.7734375 0.024305555555555556 0.07465277777777778
2 0.17881944444444445 0.625 0.014756944444444444 0.059027777777777776
2 0.8081597222222222 0.5868055555555556 0.013888888888888888 0.052083333333333336
2 0.4401041666666667 0.6137152777777778 0.020833333333333332 0.0546875