3 0.3550347222222222 0.2864583333333333 0.006944444444444444 0.026041666666666668
2 0.5138888888888888 0.2890625 0.006944444444444444 0.028645833333333332
1 0.013888888888888888 0.4383680555555556 0.011284722222222222 0.043402777777777776
2 0.4157986111111111 0.5234375 0.011284722222222222 0.043402777777777776
2 0.2960069444444444 0.4305555555555556 0.009548611111111112 0.04513888888888889
1 0.9079861111111112 0.4079861111111111 0.011284722222222222 0.044270833333333336
2 0.3611111111111111 0.3376736111111111 0.006944444444444444 0.029513888888888888
2 0.4305555555555556 0.546875 0.008680555555555556 0.05295138888888889
3 0.4210069444444444 0.5477430555555556 0.013888888888888888 0.0546875
2 0.4192708333333333 0.3810763888888889 0.006944444444444444 0.03819444444444445
2 0.5972222222222222 0.3932291666666667 0.0078125 0.04079861111111111
2 0.3697916666666667 0.4782986111111111 0.008680555555555556 0.04600694444444445
2 0.2786458333333333 0.4409722222222222 0.011284722222222222 0.044270833333333336
2 0.3975694444444444 0.3541666666666667 0.006944444444444444 0.03819444444444445
2 0.4826388888888889 0.5234375 0.010416666666666666 0.046875
2 0.5772569444444444 0.4522569444444444 0.006944444444444444 0.04774305555555555
2 0.7005208333333334 0.3368055555555556 0.008680555555555556 0.03732638888888889
2 0.4244791666666667 0.6137152777777778 0.014756944444444444 0.059027777777777776
2 0.5677083333333334 0.4383680555555556 0.011284722222222222 0.04513888888888889
2 0.3055555555555556 0.7951388888888888 0.016493055555555556 0.06770833333333333
2 0.7829861111111112 0.5 0.019965277777777776 0.050347222222222224
2 0.2838541666666667 0.6102430555555556 0.012152777777777778 0.06163194444444445
2 0.3420138888888889 0.5642361111111112 0.012152777777777778 0.057291666666666664
2 0.2925347222222222 0.4097222222222222 0.009548611111111112 0.044270833333333336
0 0.7248263888888888 0.4227430555555556 0.005208333333333333 0.011284722222222222