2 0.6163194444444444 0.3585069444444444 0.010416666666666666 0.049479166666666664
2 0.6085069444444444 0.3637152777777778 0.008680555555555556 0.041666666666666664
2 0.5399305555555556 0.28125 0.012152777777777778 0.033854166666666664
3 0.9913194444444444 0.8758680555555556 0.017361111111111112 0.09288194444444445
2 0.3619791666666667 0.3784722222222222 0.009548611111111112 0.046875
2 0.5303819444444444 0.2838541666666667 0.008680555555555556 0.03298611111111111
2 0.7100694444444444 0.3046875 0.008680555555555556 0.04079861111111111
2 0.3836805555555556 0.2916666666666667 0.008680555555555556 0.035590277777777776
2 0.7013888888888888 0.3368055555555556 0.008680555555555556 0.04513888888888889
2 0.5078125 0.3880208333333333 0.019097222222222224 0.046875
2 0.3923611111111111 0.2829861111111111 0.006944444444444444 0.036458333333333336
2 0.3645833333333333 0.3350694444444444 0.011284722222222222 0.04513888888888889
2 0.6684027777777778 0.3602430555555556 0.008680555555555556 0.041666666666666664
2 0.8237847222222222 0.4079861111111111 0.010416666666666666 0.050347222222222224
2 0.5590277777777778 0.3480902777777778 0.013888888888888888 0.044270833333333336
2 0.4184027777777778 0.375 0.011284722222222222 0.04600694444444445
2 0.3046875 0.5104166666666666 0.014756944444444444 0.05642361111111111
3 0.4652777777777778 0.4105902777777778 0.013020833333333334 0.050347222222222224
2 0.7057291666666666 0.5173611111111112 0.013888888888888888 0.06944444444444445
2 0.2829861111111111 0.6414930555555556 0.014756944444444444 0.07118055555555555
2 0.5269097222222222 0.4991319444444444 0.013020833333333334 0.058159722222222224
0 0.5407986111111112 0.2899305555555556 0.004340277777777778 0.008680555555555556
2 0.6154513888888888 0.28125 0.011284722222222222 0.034722222222222224
1 0.0546875 0.3524305555555556 0.011284722222222222 0.04774305555555555
3 0.4279513888888889 0.22743055555555555 0.011284722222222222 0.027777777777777776