2 0.3003472222222222 0.5182291666666666 0.008680555555555556 0.0390625
2 0.5060763888888888 0.4348958333333333 0.006944444444444444 0.028645833333333332
1 0.8125 0.5069444444444444 0.009548611111111112 0.041666666666666664
2 0.3394097222222222 0.4678819444444444 0.006076388888888889 0.027777777777777776
2 0.4123263888888889 0.5217013888888888 0.008680555555555556 0.0390625
2 0.7178819444444444 0.6692708333333334 0.012152777777777778 0.050347222222222224
2 0.2638888888888889 0.578125 0.008680555555555556 0.042534722222222224
2 0.5625 0.5243055555555556 0.008680555555555556 0.036458333333333336
2 0.5086805555555556 0.6197916666666666 0.009548611111111112 0.04774305555555555
2 0.4088541666666667 0.5772569444444444 0.008680555555555556 0.042534722222222224
2 0.4618055555555556 0.6762152777777778 0.012152777777777778 0.049479166666666664
2 0.2404513888888889 0.6770833333333334 0.008680555555555556 0.052083333333333336
3 0.4357638888888889 0.5859375 0.009548611111111112 0.041666666666666664
2 0.3255208333333333 0.5078125 0.0078125 0.03732638888888889
3 0.9236111111111112 0.8498263888888888 0.019097222222222224 0.06336805555555555
2 0.2873263888888889 0.5815972222222222 0.009548611111111112 0.04600694444444445
2 0.5225694444444444 0.5243055555555556 0.013888888888888888 0.03298611111111111
2 0.7578125 0.5954861111111112 0.008680555555555556 0.044270833333333336
2 0.5833333333333334 0.7274305555555556 0.018229166666666668 0.058159722222222224
2 0.3142361111111111 0.6163194444444444 0.010416666666666666 0.046875
2 0.2786458333333333 0.7647569444444444 0.017361111111111112 0.05642361111111111
2 0.12586805555555555 0.8142361111111112 0.018229166666666668 0.059027777777777776
2 0.4314236111111111 0.8854166666666666 0.017361111111111112 0.06770833333333333
0 0.7126736111111112 0.6831597222222222 0.004340277777777778 0.008680555555555556
3 0.3428819444444444 0.40625 0.0078125 0.026909722222222224