2 0.5833333333333334 0.4140625 0.006944444444444444 0.041666666666666664
2 0.5190972222222222 0.34375 0.0078125 0.03298611111111111
2 0.7821180555555556 0.3602430555555556 0.014756944444444444 0.03819444444444445
3 0.9331597222222222 0.9791666666666666 0.021701388888888888 0.03993055555555555
2 0.5494791666666666 0.3897569444444444 0.008680555555555556 0.046875
3 0.4079861111111111 0.3081597222222222 0.009548611111111112 0.03732638888888889
2 0.546875 0.3480902777777778 0.011284722222222222 0.0390625
2 0.3888888888888889 0.3411458333333333 0.011284722222222222 0.03819444444444445
2 0.4817708333333333 0.3645833333333333 0.010416666666666666 0.04600694444444445
2 0.7934027777777778 0.4140625 0.009548611111111112 0.05381944444444445
2 0.4982638888888889 0.3767361111111111 0.0078125 0.04600694444444445
2 0.18836805555555555 0.359375 0.011284722222222222 0.042534722222222224
2 0.7534722222222222 0.3480902777777778 0.008680555555555556 0.041666666666666664
2 0.7847222222222222 0.4184027777777778 0.012152777777777778 0.0546875
2 0.5772569444444444 0.4270833333333333 0.011284722222222222 0.057291666666666664
1 0.11805555555555555 0.3585069444444444 0.019097222222222224 0.044270833333333336
3 0.4895833333333333 0.4071180555555556 0.012152777777777778 0.05555555555555555
2 0.8133680555555556 0.4869791666666667 0.012152777777777778 0.06597222222222222
2 0.3585069444444444 0.4453125 0.011284722222222222 0.059027777777777776
2 0.2803819444444444 0.3932291666666667 0.018229166666666668 0.05381944444444445
2 0.7942708333333334 0.5920138888888888 0.019965277777777776 0.08159722222222222
2 0.2578125 0.4861111111111111 0.014756944444444444 0.0685763888888889
2 0.7673611111111112 0.5269097222222222 0.019965277777777776 0.07378472222222222
2 0.6545138888888888 0.7291666666666666 0.025173611111111112 0.09722222222222222
0 0.3385416666666667 0.07291666666666667 0.004340277777777778 0.008680555555555556