2 0.5954861111111112 0.4401041666666667 0.006944444444444444 0.033854166666666664
2 0.4322916666666667 0.4010416666666667 0.006076388888888889 0.027777777777777776
2 0.4184027777777778 0.5503472222222222 0.015625 0.044270833333333336
2 0.6397569444444444 0.4782986111111111 0.009548611111111112 0.04079861111111111
2 0.6597222222222222 0.4791666666666667 0.009548611111111112 0.03993055555555555
2 0.6397569444444444 0.5555555555555556 0.011284722222222222 0.04774305555555555
2 0.4574652777777778 0.7126736111111112 0.026041666666666668 0.0625
2 0.3532986111111111 0.5381944444444444 0.010416666666666666 0.05381944444444445
2 0.22743055555555555 0.5659722222222222 0.013888888888888888 0.051215277777777776
1 0.022569444444444444 0.5034722222222222 0.009548611111111112 0.046875
3 0.4565972222222222 0.5277777777777778 0.013020833333333334 0.05381944444444445
2 0.6822916666666666 0.5564236111111112 0.012152777777777778 0.049479166666666664
2 0.2673611111111111 0.4809027777777778 0.011284722222222222 0.043402777777777776
2 0.3967013888888889 0.7664930555555556 0.025173611111111112 0.06944444444444445
2 0.6840277777777778 0.6649305555555556 0.015625 0.0685763888888889
2 0.3107638888888889 0.7109375 0.015625 0.06770833333333333
2 0.5243055555555556 0.7508680555555556 0.022569444444444444 0.08333333333333333
2 0.6666666666666666 0.6605902777777778 0.015625 0.07291666666666667
2 0.4878472222222222 0.7612847222222222 0.019097222222222224 0.07378472222222222
2 0.17274305555555555 0.6319444444444444 0.020833333333333332 0.06597222222222222
2 0.4149305555555556 0.6527777777777778 0.017361111111111112 0.06510416666666667
3 0.8333333333333334 0.8185763888888888 0.0234375 0.08854166666666667
2 0.3559027777777778 0.5225694444444444 0.012152777777777778 0.0546875
3 0.3532986111111111 0.3810763888888889 0.006076388888888889 0.026041666666666668
0 0.4071180555555556 0.7881944444444444 0.0078125 0.013020833333333334