3 0.21961805555555555 0.3619791666666667 0.008680555555555556 0.035590277777777776
1 0.9123263888888888 0.4418402777777778 0.013888888888888888 0.042534722222222224
2 0.5616319444444444 0.4270833333333333 0.011284722222222222 0.0390625
2 0.2552083333333333 0.4175347222222222 0.008680555555555556 0.04079861111111111
2 0.6935763888888888 0.4670138888888889 0.011284722222222222 0.04600694444444445
2 0.21961805555555555 0.6362847222222222 0.019965277777777776 0.0642361111111111
2 0.9123263888888888 0.5876736111111112 0.026041666666666668 0.06684027777777778
2 0.3550347222222222 0.4036458333333333 0.009548611111111112 0.03819444444444445
2 0.5477430555555556 0.4539930555555556 0.013888888888888888 0.04513888888888889
2 0.4592013888888889 0.5668402777777778 0.017361111111111112 0.059027777777777776
2 0.2309027777777778 0.5017361111111112 0.019097222222222224 0.052083333333333336
3 0.4921875 0.4800347222222222 0.016493055555555556 0.049479166666666664
2 0.6657986111111112 0.4869791666666667 0.011284722222222222 0.0546875
2 0.8350694444444444 0.6354166666666666 0.015625 0.06510416666666667
2 0.8064236111111112 0.6649305555555556 0.017361111111111112 0.07378472222222222
2 0.5868055555555556 0.5642361111111112 0.017361111111111112 0.059895833333333336
2 0.3272569444444444 0.4965277777777778 0.015625 0.046875
2 0.2361111111111111 0.6449652777777778 0.021701388888888888 0.0642361111111111
2 0.8862847222222222 0.5529513888888888 0.015625 0.059027777777777776
2 0.5225694444444444 0.6875 0.019097222222222224 0.07899305555555555
2 0.3446180555555556 0.6432291666666666 0.019097222222222224 0.07291666666666667
2 0.3029513888888889 0.5633680555555556 0.019965277777777776 0.059895833333333336
0 0.10243055555555555 0.5920138888888888 0.013888888888888888 0.022569444444444444
2 0.5894097222222222 0.5425347222222222 0.016493055555555556 0.0625