0 0.875 0.6605902777777778 0.006944444444444444 0.013888888888888888
1 0.8932291666666666 0.4296875 0.011284722222222222 0.044270833333333336
3 0.13194444444444445 0.3663194444444444 0.006944444444444444 0.030381944444444444
2 0.3151041666666667 0.3697916666666667 0.006076388888888889 0.030381944444444444
2 0.2439236111111111 0.3802083333333333 0.013888888888888888 0.035590277777777776
2 0.6909722222222222 0.4279513888888889 0.009548611111111112 0.044270833333333336
2 0.5199652777777778 0.3784722222222222 0.006944444444444444 0.03211805555555555
2 0.4991319444444444 0.4105902777777778 0.008680555555555556 0.041666666666666664
2 0.5763888888888888 0.4730902777777778 0.011284722222222222 0.04513888888888889
2 0.7838541666666666 0.5755208333333334 0.011284722222222222 0.0685763888888889
2 0.1362847222222222 0.484375 0.015625 0.052083333333333336
2 0.3472222222222222 0.4296875 0.009548611111111112 0.04513888888888889
2 0.6302083333333334 0.4565972222222222 0.009548611111111112 0.04774305555555555
2 0.3880208333333333 0.4479166666666667 0.010416666666666666 0.04600694444444445
2 0.1605902777777778 0.4522569444444444 0.009548611111111112 0.04600694444444445
2 0.9010416666666666 0.5633680555555556 0.024305555555555556 0.06510416666666667
2 0.4392361111111111 0.5338541666666666 0.013888888888888888 0.058159722222222224
3 0.4383680555555556 0.4852430555555556 0.011284722222222222 0.05381944444444445
2 0.6614583333333334 0.6909722222222222 0.012152777777777778 0.07118055555555555
2 0.4600694444444444 0.6553819444444444 0.013020833333333334 0.0703125
2 0.3619791666666667 0.5269097222222222 0.013888888888888888 0.057291666666666664
2 0.09809027777777778 0.5217013888888888 0.012152777777777778 0.06076388888888889
2 0.2482638888888889 0.6397569444444444 0.017361111111111112 0.078125
2 0.8645833333333334 0.7256944444444444 0.019965277777777776 0.08506944444444445