3 0.1657986111111111 0.3828125 0.0078125 0.026909722222222224
2 0.5564236111111112 0.4348958333333333 0.006944444444444444 0.0390625
2 0.7039930555555556 0.4461805555555556 0.006944444444444444 0.03993055555555555
2 0.5060763888888888 0.3993055555555556 0.006944444444444444 0.03298611111111111
2 0.3151041666666667 0.3897569444444444 0.008680555555555556 0.03125
2 0.3706597222222222 0.4505208333333333 0.008680555555555556 0.03993055555555555
2 0.6180555555555556 0.4921875 0.011284722222222222 0.04600694444444445
2 0.8871527777777778 0.5277777777777778 0.020833333333333332 0.052083333333333336
2 0.9123263888888888 0.5407986111111112 0.019097222222222224 0.050347222222222224
2 0.2065972222222222 0.4140625 0.009548611111111112 0.03732638888888889
2 0.3368055555555556 0.5772569444444444 0.010416666666666666 0.059895833333333336
3 0.4895833333333333 0.5052083333333334 0.008680555555555556 0.049479166666666664
2 0.3663194444444444 0.5017361111111112 0.011284722222222222 0.050347222222222224
2 0.1892361111111111 0.5130208333333334 0.013888888888888888 0.04774305555555555
2 0.1762152777777778 0.4887152777777778 0.011284722222222222 0.049479166666666664
2 0.6744791666666666 0.53125 0.015625 0.052083333333333336
2 0.7534722222222222 0.6267361111111112 0.019097222222222224 0.06336805555555555
2 0.5868055555555556 0.71875 0.022569444444444444 0.07899305555555555
2 0.1831597222222222 0.5598958333333334 0.014756944444444444 0.06597222222222222
2 0.6223958333333334 0.5434027777777778 0.019965277777777776 0.05295138888888889
2 0.8368055555555556 0.6467013888888888 0.012152777777777778 0.0685763888888889
2 0.4340277777777778 0.6883680555555556 0.021701388888888888 0.07378472222222222
0 0.9088541666666666 0.5243055555555556 0.006944444444444444 0.012152777777777778
1 0.8697916666666666 0.4574652777777778 0.013888888888888888 0.04513888888888889