0 0.7456597222222222 0.5789930555555556 0.009548611111111112 0.014756944444444444
3 0.28125 0.1918402777777778 0.0078125 0.042534722222222224
2 0.3211805555555556 0.21875 0.009548611111111112 0.05295138888888889
2 0.6067708333333334 0.2829861111111111 0.011284722222222222 0.05555555555555555
2 0.3454861111111111 0.2821180555555556 0.026909722222222224 0.059895833333333336
2 0.6649305555555556 0.2786458333333333 0.013888888888888888 0.057291666666666664
2 0.24913194444444445 0.2387152777777778 0.011284722222222222 0.052083333333333336
2 0.1796875 0.3185763888888889 0.018229166666666668 0.06684027777777778
2 0.9305555555555556 0.5060763888888888 0.019097222222222224 0.09635416666666667
2 0.6449652777777778 0.4739583333333333 0.013888888888888888 0.0859375
2 0.5815972222222222 0.5850694444444444 0.019965277777777776 0.08680555555555555
2 0.3420138888888889 0.4088541666666667 0.019965277777777776 0.0798611111111111
2 0.3368055555555556 0.3637152777777778 0.018229166666666668 0.0720486111111111
2 0.8420138888888888 0.3776041666666667 0.017361111111111112 0.0703125
2 0.5711805555555556 0.4904513888888889 0.020833333333333332 0.08940972222222222
2 0.15625 0.3732638888888889 0.017361111111111112 0.0720486111111111
2 0.4861111111111111 0.3394097222222222 0.016493055555555556 0.06770833333333333
3 0.4036458333333333 0.4270833333333333 0.021701388888888888 0.0798611111111111
2 0.6397569444444444 0.3871527777777778 0.024305555555555556 0.07118055555555555
2 0.2994791666666667 0.4149305555555556 0.016493055555555556 0.08159722222222222
2 0.09722222222222222 0.40625 0.021701388888888888 0.08246527777777778
2 0.6440972222222222 0.5824652777777778 0.03819444444444445 0.0920138888888889
2 0.1987847222222222 0.4600694444444444 0.035590277777777776 0.08854166666666667