2 0.7543402777777778 0.3116319444444444 0.010416666666666666 0.0546875
3 0.40625 0.2630208333333333 0.008680555555555556 0.044270833333333336
2 0.4157986111111111 0.3098958333333333 0.009548611111111112 0.050347222222222224
2 0.6979166666666666 0.3142361111111111 0.012152777777777778 0.05295138888888889
2 0.5182291666666666 0.3012152777777778 0.013888888888888888 0.04774305555555555
2 0.8689236111111112 0.4453125 0.017361111111111112 0.07899305555555555
2 0.1909722222222222 0.3411458333333333 0.012152777777777778 0.05555555555555555
2 0.3888888888888889 0.3194444444444444 0.013020833333333334 0.059027777777777776
2 0.5729166666666666 0.3142361111111111 0.024305555555555556 0.046875
2 0.8098958333333334 0.3619791666666667 0.013888888888888888 0.06163194444444445
2 0.5243055555555556 0.3411458333333333 0.011284722222222222 0.059895833333333336
2 0.24131944444444445 0.4305555555555556 0.016493055555555556 0.078125
2 0.4982638888888889 0.3307291666666667 0.018229166666666668 0.046875
2 0.7690972222222222 0.3637152777777778 0.013020833333333334 0.06684027777777778
2 0.2977430555555556 0.3576388888888889 0.012152777777777778 0.06770833333333333
3 0.4852430555555556 0.390625 0.012152777777777778 0.06770833333333333
2 0.5052083333333334 0.3836805555555556 0.014756944444444444 0.06510416666666667
2 0.6380208333333334 0.3793402777777778 0.014756944444444444 0.06597222222222222
2 0.71875 0.5850694444444444 0.018229166666666668 0.09722222222222222
2 0.4479166666666667 0.6710069444444444 0.019965277777777776 0.10677083333333333
2 0.3298611111111111 0.4175347222222222 0.013020833333333334 0.07291666666666667
2 0.7465277777777778 0.4904513888888889 0.019965277777777776 0.09114583333333333
0 0.5572916666666666 0.18229166666666666 0.004340277777777778 0.009548611111111112