3 0.3836805555555556 0.2387152777777778 0.013020833333333334 0.06076388888888889
2 0.7439236111111112 0.3949652777777778 0.019097222222222224 0.08333333333333333
2 0.7552083333333334 0.4027777777777778 0.022569444444444444 0.078125
2 0.4626736111111111 0.2769097222222222 0.016493055555555556 0.0642361111111111
2 0.515625 0.3671875 0.014756944444444444 0.06770833333333333
2 0.4921875 0.3975694444444444 0.019965277777777776 0.0798611111111111
2 0.4262152777777778 0.34375 0.027777777777777776 0.0720486111111111
2 0.3819444444444444 0.3090277777777778 0.017361111111111112 0.07552083333333333
2 0.8263888888888888 0.3203125 0.022569444444444444 0.0703125
2 0.7951388888888888 0.3255208333333333 0.021701388888888888 0.06336805555555555
2 0.6059027777777778 0.2907986111111111 0.014756944444444444 0.07465277777777778
2 0.4375 0.4001736111111111 0.022569444444444444 0.08506944444444445
2 0.2578125 0.3585069444444444 0.019097222222222224 0.08072916666666667
2 0.28125 0.3689236111111111 0.017361111111111112 0.08940972222222222
2 0.3151041666666667 0.4314236111111111 0.017361111111111112 0.08940972222222222
2 0.2960069444444444 0.3237847222222222 0.020833333333333332 0.08072916666666667
3 0.5043402777777778 0.4357638888888889 0.020833333333333332 0.09895833333333333
2 0.7387152777777778 0.4730902777777778 0.022569444444444444 0.11197916666666667
2 0.1345486111111111 0.4592013888888889 0.019097222222222224 0.1015625
2 0.8993055555555556 0.4748263888888889 0.025173611111111112 0.10677083333333333
2 0.22135416666666666 0.6588541666666666 0.024305555555555556 0.1232638888888889
2 0.7447916666666666 0.6553819444444444 0.03819444444444445 0.1232638888888889
0 0.7482638888888888 0.4366319444444444 0.006944444444444444 0.013888888888888888