2 0.6232638888888888 0.3706597222222222 0.009548611111111112 0.03298611111111111
2 0.6319444444444444 0.3741319444444444 0.0078125 0.03125
2 0.4409722222222222 0.3628472222222222 0.010416666666666666 0.027777777777777776
2 0.4184027777777778 0.3628472222222222 0.016493055555555556 0.030381944444444444
2 0.5043402777777778 0.3923611111111111 0.012152777777777778 0.03732638888888889
2 0.3359375 0.3802083333333333 0.012152777777777778 0.03298611111111111
2 0.5520833333333334 0.4479166666666667 0.013020833333333334 0.051215277777777776
2 0.4652777777777778 0.3880208333333333 0.011284722222222222 0.04079861111111111
2 0.4895833333333333 0.4053819444444444 0.011284722222222222 0.041666666666666664
2 0.8376736111111112 0.6041666666666666 0.019097222222222224 0.06770833333333333
1 0.0798611111111111 0.4010416666666667 0.008680555555555556 0.042534722222222224
2 0.7682291666666666 0.4774305555555556 0.013020833333333334 0.05295138888888889
2 0.7326388888888888 0.4210069444444444 0.008680555555555556 0.044270833333333336
2 0.2907986111111111 0.4262152777777778 0.011284722222222222 0.04600694444444445
2 0.7057291666666666 0.4244791666666667 0.013020833333333334 0.04513888888888889
2 0.7899305555555556 0.5295138888888888 0.015625 0.06336805555555555
2 0.3819444444444444 0.4869791666666667 0.013888888888888888 0.0546875
2 0.2282986111111111 0.5355902777777778 0.016493055555555556 0.06684027777777778
2 0.6935763888888888 0.7404513888888888 0.024305555555555556 0.08680555555555555
0 0.3567708333333333 0.3802083333333333 0.005208333333333333 0.008680555555555556
3 0.3923611111111111 0.3463541666666667 0.0078125 0.034722222222222224
3 0.5546875 0.4296875 0.015625 0.041666666666666664