2 0.5989583333333334 0.3532986111111111 0.009548611111111112 0.03211805555555555
1 0.9670138888888888 0.4088541666666667 0.016493055555555556 0.050347222222222224
2 0.3706597222222222 0.3472222222222222 0.009548611111111112 0.03125
2 0.4192708333333333 0.3385416666666667 0.006944444444444444 0.03298611111111111
3 0.1736111111111111 0.3446180555555556 0.006944444444444444 0.033854166666666664
2 0.3993055555555556 0.3880208333333333 0.008680555555555556 0.04600694444444445
2 0.5486111111111112 0.3793402777777778 0.008680555555555556 0.041666666666666664
2 0.5069444444444444 0.4001736111111111 0.009548611111111112 0.041666666666666664
2 0.9496527777777778 0.5112847222222222 0.014756944444444444 0.059027777777777776
2 0.6024305555555556 0.4114583333333333 0.010416666666666666 0.046875
2 0.4930555555555556 0.4791666666666667 0.010416666666666666 0.05642361111111111
2 0.765625 0.40625 0.010416666666666666 0.04513888888888889
2 0.7473958333333334 0.4140625 0.012152777777777778 0.04079861111111111
2 0.4756944444444444 0.4678819444444444 0.009548611111111112 0.052083333333333336
2 0.16319444444444445 0.4470486111111111 0.011284722222222222 0.05642361111111111
2 0.2604166666666667 0.4010416666666667 0.010416666666666666 0.04600694444444445
2 0.1467013888888889 0.4453125 0.011284722222222222 0.051215277777777776
3 0.5173611111111112 0.4296875 0.012152777777777778 0.04774305555555555
2 0.6440972222222222 0.5173611111111112 0.021701388888888888 0.06076388888888889
2 0.18663194444444445 0.5190972222222222 0.013020833333333334 0.06076388888888889
2 0.3706597222222222 0.5460069444444444 0.015625 0.0642361111111111
2 0.34375 0.6414930555555556 0.022569444444444444 0.06770833333333333
2 0.8038194444444444 0.8012152777777778 0.025173611111111112 0.10503472222222222
0 0.8524305555555556 0.4869791666666667 0.006076388888888889 0.013020833333333334