2 0.6901041666666666 0.4253472222222222 0.011284722222222222 0.050347222222222224
2 0.4878472222222222 0.3645833333333333 0.006944444444444444 0.0390625
2 0.4479166666666667 0.5442708333333334 0.019965277777777776 0.06076388888888889
2 0.7005208333333334 0.4522569444444444 0.013888888888888888 0.043402777777777776
3 0.5581597222222222 0.5217013888888888 0.016493055555555556 0.0642361111111111
2 0.8012152777777778 0.6571180555555556 0.022569444444444444 0.07899305555555555
2 0.7152777777777778 0.4696180555555556 0.016493055555555556 0.050347222222222224
2 0.7170138888888888 0.6458333333333334 0.03993055555555555 0.0625
2 0.2951388888888889 0.4661458333333333 0.011284722222222222 0.05642361111111111
2 0.4939236111111111 0.6753472222222222 0.019097222222222224 0.0876736111111111
2 0.5902777777777778 0.6675347222222222 0.019965277777777776 0.08072916666666667
2 0.3359375 0.5772569444444444 0.013888888888888888 0.0703125
2 0.4331597222222222 0.6631944444444444 0.014756944444444444 0.08680555555555555
2 0.1935763888888889 0.6623263888888888 0.018229166666666668 0.09461805555555555
2 0.8029513888888888 0.7630208333333334 0.019965277777777776 0.09722222222222222
2 0.5364583333333334 0.5928819444444444 0.019097222222222224 0.0685763888888889
2 0.7048611111111112 0.7578125 0.021701388888888888 0.0876736111111111
2 0.6102430555555556 0.6822916666666666 0.021701388888888888 0.08680555555555555
2 0.4774305555555556 0.7022569444444444 0.019097222222222224 0.0920138888888889
2 0.4201388888888889 0.5477430555555556 0.019965277777777776 0.07118055555555555
2 0.5 0.8619791666666666 0.026909722222222224 0.109375
0 0.796875 0.6597222222222222 0.0078125 0.013888888888888888
3 0.3949652777777778 0.3263888888888889 0.006944444444444444 0.03298611111111111