2 0.9453125 0.5546875 0.013020833333333334 0.05381944444444445
2 0.8967013888888888 0.5138888888888888 0.014756944444444444 0.04774305555555555
2 0.6371527777777778 0.5086805555555556 0.013020833333333334 0.044270833333333336
2 0.3506944444444444 0.4670138888888889 0.012152777777777778 0.0390625
2 0.4947916666666667 0.4123263888888889 0.006944444444444444 0.03125
2 0.6571180555555556 0.4444444444444444 0.011284722222222222 0.0390625
2 0.3576388888888889 0.5625 0.013888888888888888 0.0546875
2 0.5321180555555556 0.4401041666666667 0.011284722222222222 0.03732638888888889
2 0.6180555555555556 0.4713541666666667 0.008680555555555556 0.0390625
2 0.1736111111111111 0.4253472222222222 0.008680555555555556 0.036458333333333336
3 0.5017361111111112 0.4835069444444444 0.010416666666666666 0.044270833333333336
2 0.3663194444444444 0.5772569444444444 0.016493055555555556 0.050347222222222224
2 0.1796875 0.5399305555555556 0.009548611111111112 0.050347222222222224
2 0.2829861111111111 0.4001736111111111 0.006076388888888889 0.030381944444444444
2 0.6024305555555556 0.5364583333333334 0.014756944444444444 0.051215277777777776
2 0.15104166666666666 0.5060763888888888 0.012152777777777778 0.051215277777777776
2 0.7864583333333334 0.6102430555555556 0.014756944444444444 0.06336805555555555
2 0.3506944444444444 0.6796875 0.017361111111111112 0.07378472222222222
2 0.1501736111111111 0.5798611111111112 0.021701388888888888 0.06076388888888889
2 0.7439236111111112 0.6189236111111112 0.014756944444444444 0.059027777777777776
2 0.5407986111111112 0.6493055555555556 0.016493055555555556 0.06684027777777778
3 0.13368055555555555 0.3854166666666667 0.009548611111111112 0.034722222222222224
1 0.8776041666666666 0.4713541666666667 0.015625 0.042534722222222224
0 0.4574652777777778 0.4331597222222222 0.006944444444444444 0.013020833333333334