2 0.5607638888888888 0.4071180555555556 0.009548611111111112 0.026909722222222224
3 0.3246527777777778 0.3671875 0.0078125 0.026909722222222224
2 0.5338541666666666 0.4149305555555556 0.009548611111111112 0.03732638888888889
2 0.5815972222222222 0.4105902777777778 0.006944444444444444 0.03819444444444445
2 0.4973958333333333 0.3993055555555556 0.008680555555555556 0.03732638888888889
2 0.5590277777777778 0.4401041666666667 0.009548611111111112 0.049479166666666664
2 0.4305555555555556 0.3975694444444444 0.008680555555555556 0.03732638888888889
2 0.703125 0.4314236111111111 0.008680555555555556 0.044270833333333336
1 0.008680555555555556 0.4565972222222222 0.008680555555555556 0.05295138888888889
2 0.3038194444444444 0.4166666666666667 0.008680555555555556 0.044270833333333336
2 0.4071180555555556 0.4557291666666667 0.013888888888888888 0.046875
2 0.6753472222222222 0.7881944444444444 0.021701388888888888 0.09288194444444445
2 0.5138888888888888 0.5755208333333334 0.013888888888888888 0.06684027777777778
2 0.4791666666666667 0.4487847222222222 0.008680555555555556 0.049479166666666664
2 0.9131944444444444 0.6328125 0.015625 0.0703125
2 0.6163194444444444 0.4930555555555556 0.016493055555555556 0.0546875
2 0.6814236111111112 0.4340277777777778 0.013888888888888888 0.04600694444444445
3 0.5920138888888888 0.4522569444444444 0.009548611111111112 0.050347222222222224
2 0.8203125 0.5060763888888888 0.017361111111111112 0.057291666666666664
2 0.53125 0.5277777777777778 0.011284722222222222 0.057291666666666664
2 0.2170138888888889 0.4809027777777778 0.011284722222222222 0.057291666666666664
2 0.8498263888888888 0.5520833333333334 0.013888888888888888 0.06684027777777778
2 0.109375 0.6571180555555556 0.024305555555555556 0.08680555555555555
0 0.5572916666666666 0.4097222222222222 0.003472222222222222 0.006944444444444444