2 0.4479166666666667 0.4001736111111111 0.009548611111111112 0.035590277777777776
2 0.4965277777777778 0.3828125 0.013020833333333334 0.036458333333333336
3 0.3324652777777778 0.3576388888888889 0.009548611111111112 0.03298611111111111
2 0.3802083333333333 0.4140625 0.011284722222222222 0.035590277777777776
2 0.3715277777777778 0.4131944444444444 0.013888888888888888 0.03732638888888889
2 0.4114583333333333 0.3732638888888889 0.011284722222222222 0.03298611111111111
2 0.5711805555555556 0.4001736111111111 0.009548611111111112 0.0390625
2 0.5902777777777778 0.4036458333333333 0.010416666666666666 0.03993055555555555
2 0.6753472222222222 0.4357638888888889 0.011284722222222222 0.046875
2 0.4548611111111111 0.4201388888888889 0.008680555555555556 0.04079861111111111
2 0.6935763888888888 0.4314236111111111 0.012152777777777778 0.043402777777777776
2 0.4722222222222222 0.4210069444444444 0.011284722222222222 0.043402777777777776
3 0.5642361111111112 0.4409722222222222 0.014756944444444444 0.049479166666666664
2 0.8003472222222222 0.5373263888888888 0.016493055555555556 0.06163194444444445
2 0.5538194444444444 0.4730902777777778 0.016493055555555556 0.052083333333333336
2 0.8862847222222222 0.6119791666666666 0.014756944444444444 0.0703125
2 0.4392361111111111 0.53125 0.011284722222222222 0.059895833333333336
2 0.5034722222222222 0.4774305555555556 0.011284722222222222 0.05555555555555555
2 0.21875 0.46875 0.016493055555555556 0.05555555555555555
2 0.7230902777777778 0.4887152777777778 0.011284722222222222 0.059895833333333336
2 0.6875 0.7508680555555556 0.025173611111111112 0.08680555555555555
2 0.16666666666666666 0.6067708333333334 0.019097222222222224 0.07725694444444445
0 0.3663194444444444 0.4184027777777778 0.004340277777777778 0.010416666666666666