1 0.7699652777777778 0.3125 0.009548611111111112 0.029513888888888888
1 0.006944444444444444 0.4027777777777778 0.012152777777777778 0.04079861111111111
2 0.2821180555555556 0.3654513888888889 0.0078125 0.03819444444444445
2 0.4288194444444444 0.3168402777777778 0.006076388888888889 0.03298611111111111
2 0.3107638888888889 0.2925347222222222 0.006076388888888889 0.028645833333333332
2 0.2734375 0.3984375 0.008680555555555556 0.041666666666666664
2 0.4557291666666667 0.2690972222222222 0.006944444444444444 0.027777777777777776
2 0.5868055555555556 0.3151041666666667 0.006944444444444444 0.035590277777777776
2 0.3237847222222222 0.2934027777777778 0.006076388888888889 0.029513888888888888
2 0.2569444444444444 0.5112847222222222 0.008680555555555556 0.04774305555555555
2 0.6796875 0.2630208333333333 0.0078125 0.028645833333333332
2 0.5451388888888888 0.3776041666666667 0.008680555555555556 0.03819444444444445
2 0.8194444444444444 0.4001736111111111 0.013888888888888888 0.03993055555555555
2 0.6961805555555556 0.3602430555555556 0.008680555555555556 0.03819444444444445
2 0.6215277777777778 0.3810763888888889 0.008680555555555556 0.0390625
2 0.3298611111111111 0.4670138888888889 0.012152777777777778 0.04774305555555555
3 0.3819444444444444 0.375 0.0078125 0.0390625
2 0.2838541666666667 0.6631944444444444 0.014756944444444444 0.05642361111111111
2 0.6293402777777778 0.6102430555555556 0.019097222222222224 0.059027777777777776
2 0.5234375 0.5078125 0.012152777777777778 0.051215277777777776
3 0.3038194444444444 0.24479166666666666 0.009548611111111112 0.035590277777777776
2 0.2847222222222222 0.3506944444444444 0.006944444444444444 0.03819444444444445
2 0.5477430555555556 0.2361111111111111 0.0078125 0.029513888888888888
2 0.4314236111111111 0.3020833333333333 0.0078125 0.033854166666666664
0 0.7621527777777778 0.3237847222222222 0.003472222222222222 0.008680555555555556