2 0.3585069444444444 0.2560763888888889 0.006944444444444444 0.026909722222222224
2 0.3463541666666667 0.265625 0.0078125 0.028645833333333332
2 0.4479166666666667 0.3194444444444444 0.006944444444444444 0.035590277777777776
2 0.453125 0.4730902777777778 0.010416666666666666 0.04513888888888889
2 0.2942708333333333 0.3159722222222222 0.006944444444444444 0.03298611111111111
2 0.2760416666666667 0.3914930555555556 0.008680555555555556 0.042534722222222224
2 0.4522569444444444 0.3611111111111111 0.009548611111111112 0.03732638888888889
1 0.8116319444444444 0.3220486111111111 0.009548611111111112 0.03819444444444445
2 0.3289930555555556 0.2864583333333333 0.008680555555555556 0.030381944444444444
2 0.8020833333333334 0.3758680555555556 0.008680555555555556 0.0390625
2 0.5920138888888888 0.3029513888888889 0.0078125 0.036458333333333336
2 0.2829861111111111 0.3524305555555556 0.008680555555555556 0.03732638888888889
2 0.6519097222222222 0.265625 0.006944444444444444 0.03125
2 0.28125 0.4678819444444444 0.009548611111111112 0.043402777777777776
2 0.3428819444444444 0.4140625 0.008680555555555556 0.044270833333333336
1 0.022569444444444444 0.3888888888888889 0.014756944444444444 0.042534722222222224
2 0.5564236111111112 0.3350694444444444 0.008680555555555556 0.033854166666666664
2 0.8359375 0.609375 0.016493055555555556 0.06076388888888889
3 0.3923611111111111 0.3654513888888889 0.0078125 0.04079861111111111
2 0.3029513888888889 0.6328125 0.015625 0.059027777777777776
2 0.6310763888888888 0.3706597222222222 0.006944444444444444 0.04079861111111111
0 0.7925347222222222 0.3914930555555556 0.005208333333333333 0.009548611111111112
2 0.5026041666666666 0.234375 0.006944444444444444 0.027777777777777776
2 0.4401041666666667 0.2612847222222222 0.006944444444444444 0.03298611111111111
3 0.3168402777777778 0.2378472222222222 0.0078125 0.028645833333333332