2 0.4765625 0.3428819444444444 0.008680555555555556 0.042534722222222224
1 0.7569444444444444 0.3394097222222222 0.012152777777777778 0.03819444444444445
2 0.4817708333333333 0.3359375 0.008680555555555556 0.03993055555555555
3 0.10503472222222222 0.2977430555555556 0.011284722222222222 0.035590277777777776
2 0.125 0.3854166666666667 0.008680555555555556 0.043402777777777776
2 0.3888888888888889 0.4461805555555556 0.013888888888888888 0.041666666666666664
2 0.1605902777777778 0.5086805555555556 0.011284722222222222 0.05555555555555555
3 0.421875 0.3975694444444444 0.008680555555555556 0.043402777777777776
2 0.5303819444444444 0.3880208333333333 0.016493055555555556 0.0390625
2 0.2838541666666667 0.3541666666666667 0.0078125 0.036458333333333336
2 0.5902777777777778 0.4114583333333333 0.016493055555555556 0.042534722222222224
2 0.1501736111111111 0.4036458333333333 0.011284722222222222 0.044270833333333336
2 0.24479166666666666 0.3498263888888889 0.0078125 0.03993055555555555
2 0.2847222222222222 0.4027777777777778 0.009548611111111112 0.0390625
2 0.5416666666666666 0.3663194444444444 0.012152777777777778 0.041666666666666664
2 0.5729166666666666 0.4652777777777778 0.0078125 0.046875
2 0.6597222222222222 0.4748263888888889 0.010416666666666666 0.044270833333333336
2 0.4739583333333333 0.4678819444444444 0.008680555555555556 0.03993055555555555
2 0.4887152777777778 0.4166666666666667 0.012152777777777778 0.042534722222222224
2 0.18663194444444445 0.5190972222222222 0.010416666666666666 0.049479166666666664
2 0.7560763888888888 0.6145833333333334 0.013888888888888888 0.06163194444444445
2 0.3810763888888889 0.5182291666666666 0.010416666666666666 0.058159722222222224
3 0.8819444444444444 0.6788194444444444 0.017361111111111112 0.07465277777777778
0 0.390625 0.4661458333333333 0.005208333333333333 0.009548611111111112
2 0.4175347222222222 0.3984375 0.011284722222222222 0.042534722222222224