3 0.2482638888888889 0.20833333333333334 0.006944444444444444 0.03732638888888889
2 0.4296875 0.2230902777777778 0.008680555555555556 0.030381944444444444
2 0.3098958333333333 0.2265625 0.012152777777777778 0.04774305555555555
2 0.609375 0.22135416666666666 0.008680555555555556 0.035590277777777776
2 0.7439236111111112 0.3550347222222222 0.015625 0.05642361111111111
2 0.4913194444444444 0.2638888888888889 0.008680555555555556 0.042534722222222224
2 0.3619791666666667 0.2638888888888889 0.008680555555555556 0.04600694444444445
2 0.6545138888888888 0.2725694444444444 0.008680555555555556 0.04600694444444445
2 0.6024305555555556 0.2682291666666667 0.009548611111111112 0.043402777777777776
2 0.4357638888888889 0.2890625 0.012152777777777778 0.049479166666666664
3 0.6267361111111112 0.3142361111111111 0.009548611111111112 0.049479166666666664
2 0.5703125 0.3342013888888889 0.011284722222222222 0.051215277777777776
2 0.2717013888888889 0.2699652777777778 0.009548611111111112 0.04513888888888889
2 0.3324652777777778 0.3532986111111111 0.013020833333333334 0.05555555555555555
2 0.5920138888888888 0.4626736111111111 0.013020833333333334 0.06163194444444445
2 0.7777777777777778 0.3940972222222222 0.011284722222222222 0.06076388888888889
2 0.7951388888888888 0.4192708333333333 0.014756944444444444 0.06076388888888889
2 0.15711805555555555 0.4991319444444444 0.013888888888888888 0.0685763888888889
2 0.578125 0.7413194444444444 0.019965277777777776 0.08333333333333333
2 0.671875 0.4244791666666667 0.014756944444444444 0.06336805555555555
2 0.4661458333333333 0.2013888888888889 0.008680555555555556 0.034722222222222224
2 0.59375 0.1970486111111111 0.008680555555555556 0.034722222222222224