2 0.1371527777777778 0.4505208333333333 0.011284722222222222 0.0390625
1 0.1362847222222222 0.3376736111111111 0.013020833333333334 0.036458333333333336
2 0.3532986111111111 0.2994791666666667 0.0078125 0.030381944444444444
2 0.3315972222222222 0.4019097222222222 0.011284722222222222 0.044270833333333336
2 0.2977430555555556 0.3350694444444444 0.010416666666666666 0.03819444444444445
2 0.17100694444444445 0.4609375 0.014756944444444444 0.046875
2 0.2734375 0.4557291666666667 0.018229166666666668 0.04600694444444445
2 0.6675347222222222 0.3142361111111111 0.008680555555555556 0.036458333333333336
2 0.8090277777777778 0.3420138888888889 0.008680555555555556 0.041666666666666664
2 0.3758680555555556 0.3897569444444444 0.010416666666666666 0.043402777777777776
2 0.6649305555555556 0.3975694444444444 0.008680555555555556 0.03732638888888889
2 0.5633680555555556 0.4904513888888889 0.014756944444444444 0.041666666666666664
2 0.7743055555555556 0.4157986111111111 0.010416666666666666 0.04600694444444445
2 0.3428819444444444 0.4453125 0.009548611111111112 0.04513888888888889
2 0.2534722222222222 0.5078125 0.014756944444444444 0.050347222222222224
3 0.3914930555555556 0.4461805555555556 0.011284722222222222 0.046875
2 0.7942708333333334 0.5355902777777778 0.013888888888888888 0.051215277777777776
2 0.8211805555555556 0.3576388888888889 0.011284722222222222 0.041666666666666664
2 0.2560763888888889 0.4479166666666667 0.017361111111111112 0.046875
2 0.8012152777777778 0.4592013888888889 0.015625 0.05555555555555555
2 0.5173611111111112 0.5373263888888888 0.013020833333333334 0.059027777777777776
3 0.9123263888888888 0.859375 0.030381944444444444 0.08333333333333333
2 0.6276041666666666 0.2864583333333333 0.011284722222222222 0.030381944444444444
3 0.4131944444444444 0.21354166666666666 0.009548611111111112 0.029513888888888888
0 0.3350694444444444 0.515625 0.006944444444444444 0.013888888888888888