2 0.5043402777777778 0.24913194444444445 0.0078125 0.026909722222222224
2 0.5026041666666666 0.4505208333333333 0.0078125 0.044270833333333336
2 0.4921875 0.2881944444444444 0.006944444444444444 0.026909722222222224
2 0.4088541666666667 0.24479166666666666 0.006944444444444444 0.026909722222222224
3 0.5329861111111112 0.7387152777777778 0.016493055555555556 0.08159722222222222
2 0.5954861111111112 0.2890625 0.006944444444444444 0.036458333333333336
2 0.390625 0.2560763888888889 0.0078125 0.026041666666666668
2 0.5590277777777778 0.3064236111111111 0.008680555555555556 0.036458333333333336
2 0.6336805555555556 0.3585069444444444 0.006944444444444444 0.03819444444444445
2 0.34375 0.3125 0.0078125 0.033854166666666664
1 0.8932291666666666 0.3342013888888889 0.011284722222222222 0.03732638888888889
2 0.6961805555555556 0.2795138888888889 0.0078125 0.03211805555555555
2 0.3151041666666667 0.4357638888888889 0.008680555555555556 0.043402777777777776
3 0.421875 0.3480902777777778 0.0078125 0.0390625
2 0.5486111111111112 0.3524305555555556 0.0078125 0.0390625
2 0.3194444444444444 0.3697916666666667 0.008680555555555556 0.041666666666666664
1 0.05555555555555555 0.3663194444444444 0.011284722222222222 0.043402777777777776
2 0.3914930555555556 0.3993055555555556 0.008680555555555556 0.043402777777777776
2 0.4800347222222222 0.3472222222222222 0.008680555555555556 0.03732638888888889
2 0.328125 0.3541666666666667 0.009548611111111112 0.03819444444444445
2 0.8402777777777778 0.4019097222222222 0.0078125 0.04513888888888889
2 0.6267361111111112 0.703125 0.017361111111111112 0.06944444444444445
2 0.3697916666666667 0.5390625 0.014756944444444444 0.051215277777777776
3 0.3654513888888889 0.2248263888888889 0.008680555555555556 0.035590277777777776
2 0.5633680555555556 0.22916666666666666 0.008680555555555556 0.035590277777777776
0 0.6883680555555556 0.2951388888888889 0.004340277777777778 0.008680555555555556