1 0.7178819444444444 0.3480902777777778 0.011284722222222222 0.03819444444444445
2 0.6388888888888888 0.4131944444444444 0.013888888888888888 0.036458333333333336
2 0.6111111111111112 0.4895833333333333 0.009548611111111112 0.036458333333333336
2 0.4869791666666667 0.3194444444444444 0.006944444444444444 0.03125
2 0.203125 0.4001736111111111 0.009548611111111112 0.03298611111111111
2 0.5052083333333334 0.3272569444444444 0.009548611111111112 0.026909722222222224
2 0.3142361111111111 0.4010416666666667 0.0078125 0.033854166666666664
2 0.5954861111111112 0.4105902777777778 0.009548611111111112 0.036458333333333336
2 0.21875 0.3489583333333333 0.006944444444444444 0.027777777777777776
2 0.2309027777777778 0.3871527777777778 0.008680555555555556 0.033854166666666664
2 0.6380208333333334 0.4539930555555556 0.014756944444444444 0.03732638888888889
2 0.15625 0.5060763888888888 0.008680555555555556 0.04861111111111111
2 0.7473958333333334 0.5512152777777778 0.008680555555555556 0.052083333333333336
2 0.3081597222222222 0.4322916666666667 0.008680555555555556 0.03732638888888889
3 0.5190972222222222 0.4140625 0.008680555555555556 0.036458333333333336
2 0.4809027777777778 0.4835069444444444 0.011284722222222222 0.044270833333333336
2 0.421875 0.3637152777777778 0.010416666666666666 0.03125
2 0.14756944444444445 0.4201388888888889 0.011284722222222222 0.03993055555555555
2 0.5017361111111112 0.46875 0.014756944444444444 0.03993055555555555
3 0.8671875 0.6032986111111112 0.017361111111111112 0.058159722222222224
0 0.4522569444444444 0.3090277777777778 0.006076388888888889 0.012152777777777778
2 0.5677083333333334 0.3706597222222222 0.011284722222222222 0.03732638888888889
2 0.6119791666666666 0.5086805555555556 0.020833333333333332 0.024305555555555556
3 0.15104166666666666 0.3168402777777778 0.010416666666666666 0.03298611111111111
2 0.16145833333333334 0.4965277777777778 0.009548611111111112 0.046875