3 0.1449652777777778 0.3046875 0.008680555555555556 0.03298611111111111
2 0.5763888888888888 0.4019097222222222 0.010416666666666666 0.03732638888888889
1 0.7508680555555556 0.3480902777777778 0.012152777777777778 0.036458333333333336
2 0.5642361111111112 0.4045138888888889 0.013020833333333334 0.035590277777777776
2 0.6119791666666666 0.3637152777777778 0.009548611111111112 0.041666666666666664
2 0.59375 0.3602430555555556 0.009548611111111112 0.036458333333333336
3 0.6015625 0.3958333333333333 0.008680555555555556 0.041666666666666664
2 0.640625 0.4079861111111111 0.009548611111111112 0.03993055555555555
2 0.1875 0.4236111111111111 0.008680555555555556 0.046875
2 0.515625 0.4105902777777778 0.010416666666666666 0.03732638888888889
2 0.7291666666666666 0.4435763888888889 0.010416666666666666 0.043402777777777776
2 0.3185763888888889 0.3645833333333333 0.011284722222222222 0.03732638888888889
2 0.4574652777777778 0.453125 0.011284722222222222 0.043402777777777776
2 0.7517361111111112 0.4913194444444444 0.009548611111111112 0.04600694444444445
3 0.9748263888888888 0.6336805555555556 0.017361111111111112 0.06510416666666667
2 0.40625 0.3871527777777778 0.008680555555555556 0.04079861111111111
2 0.6814236111111112 0.4878472222222222 0.010416666666666666 0.049479166666666664
2 0.5616319444444444 0.4800347222222222 0.011284722222222222 0.04600694444444445
2 0.21354166666666666 0.4296875 0.010416666666666666 0.04600694444444445
2 0.2907986111111111 0.5295138888888888 0.013888888888888888 0.05642361111111111
2 0.4913194444444444 0.5225694444444444 0.009548611111111112 0.05642361111111111
2 0.3194444444444444 0.5399305555555556 0.013888888888888888 0.052083333333333336
2 0.5755208333333334 0.3697916666666667 0.009548611111111112 0.042534722222222224