2 0.3576388888888889 0.359375 0.008680555555555556 0.03819444444444445
2 0.5269097222222222 0.2569444444444444 0.008680555555555556 0.028645833333333332
2 0.4053819444444444 0.2621527777777778 0.005208333333333333 0.026041666666666668
2 0.421875 0.24739583333333334 0.006944444444444444 0.026909722222222224
2 0.3602430555555556 0.3394097222222222 0.009548611111111112 0.041666666666666664
2 0.4947916666666667 0.2769097222222222 0.0078125 0.028645833333333332
2 0.6935763888888888 0.2612847222222222 0.008680555555555556 0.029513888888888888
2 0.6197916666666666 0.2899305555555556 0.006944444444444444 0.03298611111111111
2 0.5486111111111112 0.4522569444444444 0.009548611111111112 0.043402777777777776
2 0.7100694444444444 0.3506944444444444 0.009548611111111112 0.04079861111111111
2 0.5451388888888888 0.3480902777777778 0.009548611111111112 0.036458333333333336
1 0.9027777777777778 0.3298611111111111 0.008680555555555556 0.036458333333333336
2 0.9019097222222222 0.4244791666666667 0.012152777777777778 0.043402777777777776
1 0.08333333333333333 0.3637152777777778 0.013020833333333334 0.03993055555555555
2 0.3506944444444444 0.4479166666666667 0.009548611111111112 0.044270833333333336
2 0.6310763888888888 0.3298611111111111 0.013020833333333334 0.03819444444444445
3 0.4661458333333333 0.3446180555555556 0.008680555555555556 0.0390625
2 0.4288194444444444 0.4114583333333333 0.009548611111111112 0.04513888888888889
2 0.3255208333333333 0.6284722222222222 0.019097222222222224 0.058159722222222224
2 0.7664930555555556 0.5902777777777778 0.014756944444444444 0.06163194444444445
0 0.6831597222222222 0.2725694444444444 0.004340277777777778 0.0078125
3 0.3880208333333333 0.22743055555555555 0.006944444444444444 0.027777777777777776
2 0.5 0.2960069444444444 0.010416666666666666 0.03125
2 0.3585069444444444 0.3177083333333333 0.008680555555555556 0.030381944444444444
2 0.6067708333333334 0.22916666666666666 0.006076388888888889 0.025173611111111112