2 0.5876736111111112 0.3949652777777778 0.011284722222222222 0.036458333333333336
2 0.3081597222222222 0.3489583333333333 0.011284722222222222 0.022569444444444444
2 0.4878472222222222 0.3350694444444444 0.008680555555555556 0.03125
2 0.3116319444444444 0.3871527777777778 0.006944444444444444 0.033854166666666664
2 0.4600694444444444 0.3324652777777778 0.009548611111111112 0.030381944444444444
2 0.5885416666666666 0.4210069444444444 0.010416666666666666 0.043402777777777776
1 0.6935763888888888 0.3489583333333333 0.006944444444444444 0.03298611111111111
2 0.1779513888888889 0.3715277777777778 0.006076388888888889 0.03211805555555555
2 0.5190972222222222 0.3619791666666667 0.006944444444444444 0.035590277777777776
2 0.3246527777777778 0.4192708333333333 0.008680555555555556 0.03732638888888889
2 0.5321180555555556 0.3940972222222222 0.006944444444444444 0.036458333333333336
2 0.2864583333333333 0.3480902777777778 0.006944444444444444 0.029513888888888888
2 0.4027777777777778 0.3637152777777778 0.008680555555555556 0.03211805555555555
3 0.8420138888888888 0.6163194444444444 0.015625 0.059895833333333336
2 0.4592013888888889 0.4756944444444444 0.008680555555555556 0.04600694444444445
2 0.1918402777777778 0.4088541666666667 0.009548611111111112 0.03819444444444445
2 0.7265625 0.5581597222222222 0.014756944444444444 0.049479166666666664
2 0.4835069444444444 0.4635416666666667 0.008680555555555556 0.04079861111111111
2 0.17274305555555555 0.5060763888888888 0.011284722222222222 0.049479166666666664
2 0.6015625 0.4861111111111111 0.011284722222222222 0.044270833333333336
3 0.4487847222222222 0.4244791666666667 0.012152777777777778 0.041666666666666664
2 0.6258680555555556 0.4817708333333333 0.009548611111111112 0.04774305555555555
0 0.3194444444444444 0.3151041666666667 0.004340277777777778 0.008680555555555556
2 0.171875 0.4895833333333333 0.010416666666666666 0.04861111111111111
3 0.15538194444444445 0.3159722222222222 0.008680555555555556 0.03125