2 0.5807291666666666 0.22395833333333334 0.009548611111111112 0.041666666666666664
2 0.4947916666666667 0.21006944444444445 0.009548611111111112 0.027777777777777776
2 0.390625 0.2569444444444444 0.006944444444444444 0.043402777777777776
2 0.4782986111111111 0.20833333333333334 0.008680555555555556 0.03732638888888889
2 0.5711805555555556 0.2230902777777778 0.0078125 0.0390625
2 0.5868055555555556 0.2144097222222222 0.014756944444444444 0.027777777777777776
2 0.2881944444444444 0.2326388888888889 0.006944444444444444 0.044270833333333336
3 0.2725694444444444 0.21614583333333334 0.008680555555555556 0.03732638888888889
2 0.2699652777777778 0.2803819444444444 0.008680555555555556 0.044270833333333336
2 0.4982638888888889 0.2647569444444444 0.0078125 0.042534722222222224
2 0.453125 0.2751736111111111 0.008680555555555556 0.04513888888888889
2 0.8237847222222222 0.4071180555555556 0.012152777777777778 0.059027777777777776
2 0.5763888888888888 0.3324652777777778 0.011284722222222222 0.050347222222222224
2 0.3602430555555556 0.3446180555555556 0.010416666666666666 0.05381944444444445
2 0.7569444444444444 0.34375 0.011284722222222222 0.057291666666666664
2 0.21180555555555555 0.4791666666666667 0.017361111111111112 0.06770833333333333
2 0.7960069444444444 0.3845486111111111 0.012152777777777778 0.058159722222222224
3 0.6328125 0.3029513888888889 0.011284722222222222 0.050347222222222224
2 0.6232638888888888 0.4375 0.016493055555555556 0.059895833333333336
2 0.2960069444444444 0.9670138888888888 0.022569444444444444 0.0642361111111111
2 0.7152777777777778 0.4149305555555556 0.014756944444444444 0.06163194444444445
2 0.671875 0.7265625 0.022569444444444444 0.0842013888888889
0 0.5208333333333334 0.2204861111111111 0.005208333333333333 0.010416666666666666
2 0.5729166666666666 0.2074652777777778 0.006944444444444444 0.033854166666666664