2 0.5520833333333334 0.1892361111111111 0.009548611111111112 0.03125
2 0.5989583333333334 0.19010416666666666 0.008680555555555556 0.04079861111111111
2 0.24739583333333334 0.2265625 0.010416666666666666 0.04513888888888889
2 0.8315972222222222 0.3611111111111111 0.026041666666666668 0.052083333333333336
2 0.6171875 0.2048611111111111 0.013888888888888888 0.042534722222222224
2 0.4835069444444444 0.1987847222222222 0.0078125 0.041666666666666664
2 0.4470486111111111 0.1970486111111111 0.008680555555555556 0.04774305555555555
2 0.3932291666666667 0.23697916666666666 0.008680555555555556 0.042534722222222224
2 0.5112847222222222 0.2421875 0.014756944444444444 0.035590277777777776
2 0.2690972222222222 0.2682291666666667 0.012152777777777778 0.04774305555555555
2 0.5399305555555556 0.24131944444444445 0.019097222222222224 0.04513888888888889
2 0.4618055555555556 0.2282986111111111 0.011284722222222222 0.042534722222222224
2 0.7934027777777778 0.3159722222222222 0.013020833333333334 0.057291666666666664
2 0.5737847222222222 0.3168402777777778 0.011284722222222222 0.052083333333333336
2 0.6380208333333334 0.4088541666666667 0.017361111111111112 0.0642361111111111
2 0.8411458333333334 0.3793402777777778 0.022569444444444444 0.059895833333333336
2 0.3559027777777778 0.3272569444444444 0.016493055555555556 0.057291666666666664
2 0.1935763888888889 0.4392361111111111 0.019965277777777776 0.06684027777777778
3 0.6076388888888888 0.2899305555555556 0.011284722222222222 0.05295138888888889
2 0.6883680555555556 0.3246527777777778 0.013888888888888888 0.0546875
2 0.71875 0.6901041666666666 0.033854166666666664 0.09375
0 0.4609375 0.2456597222222222 0.004340277777777778 0.0078125
3 0.24739583333333334 0.1909722222222222 0.009548611111111112 0.043402777777777776