3 0.1284722222222222 0.2977430555555556 0.008680555555555556 0.033854166666666664
2 0.6579861111111112 0.5694444444444444 0.017361111111111112 0.041666666666666664
2 0.6328125 0.375 0.013888888888888888 0.04079861111111111
1 0.7725694444444444 0.3428819444444444 0.012152777777777778 0.0390625
2 0.5460069444444444 0.3663194444444444 0.013888888888888888 0.044270833333333336
2 0.6206597222222222 0.3758680555555556 0.008680555555555556 0.043402777777777776
2 0.2604166666666667 0.3637152777777778 0.008680555555555556 0.03993055555555555
2 0.7152777777777778 0.4904513888888889 0.009548611111111112 0.046875
3 0.9895833333333334 0.6449652777777778 0.020833333333333332 0.07118055555555555
2 0.671875 0.5572916666666666 0.019965277777777776 0.058159722222222224
2 0.3663194444444444 0.4192708333333333 0.012152777777777778 0.04600694444444445
2 0.5807291666666666 0.3472222222222222 0.009548611111111112 0.0390625
3 0.5338541666666666 0.3975694444444444 0.008680555555555556 0.04600694444444445
2 0.4331597222222222 0.4696180555555556 0.008680555555555556 0.052083333333333336
2 0.625 0.4583333333333333 0.019965277777777776 0.044270833333333336
2 0.3498263888888889 0.3741319444444444 0.011284722222222222 0.043402777777777776
2 0.4427083333333333 0.5512152777777778 0.014756944444444444 0.059027777777777776
2 0.16493055555555555 0.4010416666666667 0.012152777777777778 0.04600694444444445
2 0.18489583333333334 0.4097222222222222 0.009548611111111112 0.046875
2 0.4713541666666667 0.4019097222222222 0.009548611111111112 0.043402777777777776
2 0.2204861111111111 0.5269097222222222 0.011284722222222222 0.059027777777777776
2 0.7465277777777778 0.4678819444444444 0.014756944444444444 0.051215277777777776
2 0.5625 0.5034722222222222 0.014756944444444444 0.050347222222222224
2 0.2777777777777778 0.5381944444444444 0.016493055555555556 0.05381944444444445
0 0.6328125 0.5529513888888888 0.006944444444444444 0.012152777777777778