2 0.3628472222222222 0.3602430555555556 0.008680555555555556 0.03125
2 0.2760416666666667 0.3663194444444444 0.011284722222222222 0.03298611111111111
2 0.5703125 0.4071180555555556 0.013020833333333334 0.029513888888888888
2 0.5217013888888888 0.3029513888888889 0.0078125 0.026041666666666668
2 0.5833333333333334 0.4270833333333333 0.014756944444444444 0.0390625
2 0.5364583333333334 0.5685763888888888 0.016493055555555556 0.050347222222222224
2 0.3194444444444444 0.3541666666666667 0.008680555555555556 0.03211805555555555
2 0.3376736111111111 0.3949652777777778 0.006944444444444444 0.029513888888888888
2 0.4756944444444444 0.3489583333333333 0.009548611111111112 0.028645833333333332
2 0.5763888888888888 0.3394097222222222 0.011284722222222222 0.029513888888888888
3 0.5251736111111112 0.3862847222222222 0.014756944444444444 0.03732638888888889
2 0.5026041666666666 0.3107638888888889 0.012152777777777778 0.026909722222222224
2 0.4392361111111111 0.4644097222222222 0.019965277777777776 0.04861111111111111
2 0.7248263888888888 0.5677083333333334 0.011284722222222222 0.052083333333333336
2 0.484375 0.4401041666666667 0.011284722222222222 0.03993055555555555
2 0.2421875 0.4635416666666667 0.011284722222222222 0.04600694444444445
2 0.23958333333333334 0.3871527777777778 0.012152777777777778 0.03819444444444445
2 0.2265625 0.4487847222222222 0.012152777777777778 0.041666666666666664
2 0.640625 0.4114583333333333 0.008680555555555556 0.035590277777777776
3 0.8975694444444444 0.6944444444444444 0.019965277777777776 0.06336805555555555
2 0.7022569444444444 0.4644097222222222 0.006944444444444444 0.043402777777777776
2 0.3342013888888889 0.3229166666666667 0.0078125 0.03211805555555555
3 0.2508680555555556 0.2994791666666667 0.006076388888888889 0.030381944444444444
0 0.5902777777777778 0.4444444444444444 0.004340277777777778 0.0078125
1 0.8506944444444444 0.3680555555555556 0.011284722222222222 0.03732638888888889