2 0.5711805555555556 0.3298611111111111 0.009548611111111112 0.029513888888888888
2 0.3237847222222222 0.3776041666666667 0.011284722222222222 0.043402777777777776
2 0.17274305555555555 0.4913194444444444 0.015625 0.051215277777777776
2 0.6631944444444444 0.3402777777777778 0.010416666666666666 0.036458333333333336
2 0.4861111111111111 0.4001736111111111 0.019097222222222224 0.036458333333333336
1 0.025173611111111112 0.3993055555555556 0.011284722222222222 0.042534722222222224
2 0.4123263888888889 0.3142361111111111 0.008680555555555556 0.036458333333333336
2 0.5963541666666666 0.421875 0.009548611111111112 0.04600694444444445
2 0.2621527777777778 0.6380208333333334 0.011284722222222222 0.0546875
2 0.4618055555555556 0.4296875 0.010416666666666666 0.0390625
2 0.4444444444444444 0.5373263888888888 0.011284722222222222 0.05295138888888889
2 0.20572916666666666 0.5017361111111112 0.009548611111111112 0.051215277777777776
2 0.3133680555555556 0.3871527777777778 0.012152777777777778 0.036458333333333336
2 0.7204861111111112 0.4201388888888889 0.008680555555555556 0.043402777777777776
3 0.4835069444444444 0.4461805555555556 0.010416666666666666 0.049479166666666664
2 0.6848958333333334 0.6440972222222222 0.019097222222222224 0.06684027777777778
2 0.3211805555555556 0.6128472222222222 0.013020833333333334 0.0546875
2 0.6805555555555556 0.4670138888888889 0.012152777777777778 0.04600694444444445
2 0.5104166666666666 0.4965277777777778 0.017361111111111112 0.051215277777777776
2 0.7065972222222222 0.5720486111111112 0.017361111111111112 0.059895833333333336
3 0.9019097222222222 0.7907986111111112 0.022569444444444444 0.0720486111111111
3 0.3168402777777778 0.2647569444444444 0.008680555555555556 0.028645833333333332
0 0.4800347222222222 0.3897569444444444 0.004340277777777778 0.006944444444444444
2 0.4583333333333333 0.4166666666666667 0.008680555555555556 0.035590277777777776
2 0.7196180555555556 0.4071180555555556 0.008680555555555556 0.041666666666666664
1 0.9965277777777778 0.4027777777777778 0.006076388888888889 0.041666666666666664