3 0.3385416666666667 0.2387152777777778 0.008680555555555556 0.029513888888888888
2 0.23350694444444445 0.4045138888888889 0.010416666666666666 0.044270833333333336
2 0.4201388888888889 0.3012152777777778 0.006944444444444444 0.030381944444444444
2 0.6006944444444444 0.3142361111111111 0.009548611111111112 0.03819444444444445
2 0.6605902777777778 0.3506944444444444 0.012152777777777778 0.0390625
2 0.4314236111111111 0.3628472222222222 0.009548611111111112 0.03819444444444445
2 0.23350694444444445 0.4947916666666667 0.012152777777777778 0.04600694444444445
2 0.6727430555555556 0.2907986111111111 0.0078125 0.03125
2 0.6215277777777778 0.3237847222222222 0.013020833333333334 0.03298611111111111
2 0.5407986111111112 0.2907986111111111 0.009548611111111112 0.03298611111111111
2 0.6944444444444444 0.3324652777777778 0.008680555555555556 0.03732638888888889
2 0.4227430555555556 0.3385416666666667 0.012152777777777778 0.03732638888888889
2 0.3932291666666667 0.28125 0.009548611111111112 0.035590277777777776
2 0.7951388888888888 0.3619791666666667 0.010416666666666666 0.044270833333333336
3 0.6050347222222222 0.3680555555555556 0.008680555555555556 0.04513888888888889
2 0.6970486111111112 0.40625 0.013888888888888888 0.044270833333333336
2 0.4756944444444444 0.4887152777777778 0.012152777777777778 0.059895833333333336
2 0.22569444444444445 0.4496527777777778 0.013020833333333334 0.057291666666666664
2 0.2725694444444444 0.3246527777777778 0.010416666666666666 0.04079861111111111
2 0.3576388888888889 0.4036458333333333 0.009548611111111112 0.04600694444444445
2 0.7760416666666666 0.4548611111111111 0.009548611111111112 0.05555555555555555
2 0.3967013888888889 0.5720486111111112 0.019097222222222224 0.06163194444444445