2 0.6892361111111112 0.3836805555555556 0.0078125 0.043402777777777776
2 0.7387152777777778 0.3463541666666667 0.009548611111111112 0.042534722222222224
2 0.8463541666666666 0.4192708333333333 0.010416666666666666 0.04774305555555555
2 0.6796875 0.3185763888888889 0.0078125 0.0390625
2 0.609375 0.3038194444444444 0.009548611111111112 0.04079861111111111
2 0.8376736111111112 0.4262152777777778 0.019097222222222224 0.050347222222222224
2 0.4965277777777778 0.3177083333333333 0.008680555555555556 0.041666666666666664
2 0.3758680555555556 0.34375 0.014756944444444444 0.046875
2 0.23524305555555555 0.2942708333333333 0.008680555555555556 0.0390625
2 0.5894097222222222 0.2890625 0.008680555555555556 0.042534722222222224
3 0.578125 0.3689236111111111 0.009548611111111112 0.044270833333333336
2 0.21354166666666666 0.3107638888888889 0.012152777777777778 0.041666666666666664
2 0.3654513888888889 0.3689236111111111 0.011284722222222222 0.046875
2 0.3159722222222222 0.4418402777777778 0.014756944444444444 0.057291666666666664
2 0.6805555555555556 0.4253472222222222 0.012152777777777778 0.057291666666666664
2 0.1310763888888889 0.3654513888888889 0.010416666666666666 0.046875
2 0.3029513888888889 0.4557291666666667 0.016493055555555556 0.059027777777777776
1 0.7170138888888888 0.2951388888888889 0.013020833333333334 0.044270833333333336
2 0.6857638888888888 0.3046875 0.011284722222222222 0.04774305555555555
2 0.6484375 0.3246527777777778 0.010416666666666666 0.046875
2 0.6475694444444444 0.3038194444444444 0.010416666666666666 0.04600694444444445
2 0.6145833333333334 0.2873263888888889 0.010416666666666666 0.043402777777777776