2 0.4713541666666667 0.3680555555555556 0.009548611111111112 0.03819444444444445
2 0.4635416666666667 0.2725694444444444 0.006076388888888889 0.030381944444444444
1 0.03298611111111111 0.3637152777777778 0.014756944444444444 0.043402777777777776
2 0.3524305555555556 0.2873263888888889 0.008680555555555556 0.033854166666666664
2 0.3107638888888889 0.3619791666666667 0.008680555555555556 0.042534722222222224
2 0.2725694444444444 0.4670138888888889 0.011284722222222222 0.04513888888888889
2 0.4036458333333333 0.6302083333333334 0.022569444444444444 0.052083333333333336
2 0.5347222222222222 0.3255208333333333 0.008680555555555556 0.04079861111111111
2 0.6519097222222222 0.3628472222222222 0.009548611111111112 0.04513888888888889
2 0.7777777777777778 0.4904513888888889 0.013020833333333334 0.05555555555555555
2 0.7144097222222222 0.671875 0.017361111111111112 0.06770833333333333
2 0.6796875 0.5147569444444444 0.014756944444444444 0.051215277777777776
2 0.3880208333333333 0.2734375 0.0078125 0.033854166666666664
2 0.3020833333333333 0.3619791666666667 0.011284722222222222 0.043402777777777776
2 0.6032986111111112 0.5104166666666666 0.014756944444444444 0.050347222222222224
3 0.4288194444444444 0.40625 0.009548611111111112 0.044270833333333336
2 0.3055555555555556 0.4947916666666667 0.011284722222222222 0.046875
2 0.7413194444444444 0.3012152777777778 0.008680555555555556 0.03819444444444445
2 0.7873263888888888 0.7057291666666666 0.017361111111111112 0.0685763888888889
2 0.8576388888888888 0.4704861111111111 0.018229166666666668 0.05295138888888889
0 0.7803819444444444 0.7282986111111112 0.006944444444444444 0.013888888888888888
2 0.5546875 0.2300347222222222 0.008680555555555556 0.034722222222222224
3 0.3611111111111111 0.2144097222222222 0.0078125 0.03211805555555555
2 0.3880208333333333 0.6171875 0.016493055555555556 0.058159722222222224