2 0.4678819444444444 0.3524305555555556 0.014756944444444444 0.03732638888888889
2 0.4583333333333333 0.2934027777777778 0.008680555555555556 0.033854166666666664
2 0.5451388888888888 0.28125 0.006944444444444444 0.029513888888888888
2 0.3463541666666667 0.3098958333333333 0.006944444444444444 0.03819444444444445
2 0.3689236111111111 0.3732638888888889 0.009548611111111112 0.03298611111111111
2 0.2743055555555556 0.3923611111111111 0.013888888888888888 0.04513888888888889
2 0.5763888888888888 0.3159722222222222 0.008680555555555556 0.04079861111111111
2 0.5946180555555556 0.3567708333333333 0.011284722222222222 0.0390625
2 0.4713541666666667 0.4279513888888889 0.011284722222222222 0.04600694444444445
2 0.3385416666666667 0.3072916666666667 0.008680555555555556 0.03993055555555555
2 0.4157986111111111 0.3385416666666667 0.009548611111111112 0.036458333333333336
2 0.7022569444444444 0.4175347222222222 0.008680555555555556 0.049479166666666664
3 0.5138888888888888 0.3611111111111111 0.008680555555555556 0.042534722222222224
2 0.2578125 0.4088541666666667 0.011284722222222222 0.051215277777777776
2 0.2595486111111111 0.3368055555555556 0.010416666666666666 0.0390625
2 0.6631944444444444 0.3576388888888889 0.010416666666666666 0.044270833333333336
2 0.5486111111111112 0.3272569444444444 0.013020833333333334 0.0390625
2 0.6388888888888888 0.3489583333333333 0.0078125 0.04079861111111111
2 0.2708333333333333 0.4756944444444444 0.011284722222222222 0.05642361111111111
2 0.546875 0.3975694444444444 0.012152777777777778 0.042534722222222224
2 0.4236111111111111 0.5173611111111112 0.015625 0.057291666666666664
3 0.9053819444444444 0.7994791666666666 0.022569444444444444 0.08333333333333333
0 0.484375 0.3550347222222222 0.006944444444444444 0.013888888888888888
3 0.2890625 0.24305555555555555 0.010416666666666666 0.03819444444444445