2 0.6684027777777778 0.3168402777777778 0.008680555555555556 0.044270833333333336
2 0.6579861111111112 0.3133680555555556 0.006944444444444444 0.035590277777777776
2 0.7213541666666666 0.3524305555555556 0.006076388888888889 0.03732638888888889
2 0.6293402777777778 0.3203125 0.008680555555555556 0.03732638888888889
2 0.5355902777777778 0.2786458333333333 0.008680555555555556 0.03211805555555555
2 0.4930555555555556 0.2647569444444444 0.011284722222222222 0.029513888888888888
2 0.6779513888888888 0.3619791666666667 0.009548611111111112 0.046875
2 0.6041666666666666 0.3237847222222222 0.010416666666666666 0.033854166666666664
2 0.3385416666666667 0.3350694444444444 0.009548611111111112 0.042534722222222224
2 0.5555555555555556 0.34375 0.010416666666666666 0.042534722222222224
3 0.033854166666666664 0.3020833333333333 0.010416666666666666 0.0390625
3 0.5234375 0.3315972222222222 0.009548611111111112 0.042534722222222224
2 0.1831597222222222 0.3880208333333333 0.011284722222222222 0.050347222222222224
2 0.3836805555555556 0.4670138888888889 0.012152777777777778 0.057291666666666664
2 0.4470486111111111 0.3845486111111111 0.009548611111111112 0.046875
2 0.4227430555555556 0.4696180555555556 0.010416666666666666 0.05555555555555555
2 0.6041666666666666 0.2664930555555556 0.008680555555555556 0.03298611111111111
2 0.6119791666666666 0.2699652777777778 0.010416666666666666 0.03125
2 0.6805555555555556 0.3506944444444444 0.010416666666666666 0.03993055555555555
1 0.7213541666666666 0.3185763888888889 0.0078125 0.043402777777777776
2 0.7239583333333334 0.3428819444444444 0.006944444444444444 0.0390625
0 0.5008680555555556 0.2734375 0.003472222222222222 0.006944444444444444
2 0.3376736111111111 0.3159722222222222 0.012152777777777778 0.0390625