1 0.1189236111111111 0.3697916666666667 0.009548611111111112 0.0390625
2 0.4600694444444444 0.7074652777777778 0.024305555555555556 0.0685763888888889
2 0.6710069444444444 0.3307291666666667 0.006944444444444444 0.033854166666666664
2 0.5121527777777778 0.5451388888888888 0.019097222222222224 0.04774305555555555
2 0.4192708333333333 0.4262152777777778 0.013020833333333334 0.041666666666666664
2 0.4270833333333333 0.4809027777777778 0.013020833333333334 0.04600694444444445
2 0.3689236111111111 0.3428819444444444 0.011284722222222222 0.035590277777777776
2 0.5086805555555556 0.2994791666666667 0.006076388888888889 0.030381944444444444
2 0.19270833333333334 0.4973958333333333 0.009548611111111112 0.046875
2 0.18489583333333334 0.5980902777777778 0.019097222222222224 0.049479166666666664
2 0.6623263888888888 0.4539930555555556 0.012152777777777778 0.049479166666666664
3 0.5416666666666666 0.4366319444444444 0.008680555555555556 0.041666666666666664
2 0.734375 0.3524305555555556 0.009548611111111112 0.03732638888888889
2 0.5946180555555556 0.3967013888888889 0.010416666666666666 0.04079861111111111
2 0.3567708333333333 0.3776041666666667 0.0078125 0.03819444444444445
2 0.7230902777777778 0.4175347222222222 0.014756944444444444 0.041666666666666664
2 0.6736111111111112 0.46875 0.013020833333333334 0.03732638888888889
2 0.5972222222222222 0.4930555555555556 0.015625 0.033854166666666664
2 0.2664930555555556 0.6128472222222222 0.017361111111111112 0.05555555555555555
2 0.7734375 0.4435763888888889 0.018229166666666668 0.041666666666666664
2 0.5217013888888888 0.6232638888888888 0.025173611111111112 0.058159722222222224
3 0.8663194444444444 0.8411458333333334 0.026041666666666668 0.08159722222222222
2 0.11284722222222222 0.4696180555555556 0.013888888888888888 0.046875
3 0.3550347222222222 0.2526041666666667 0.0078125 0.028645833333333332