2 0.4001736111111111 0.3064236111111111 0.010416666666666666 0.0390625
1 0.1484375 0.3255208333333333 0.009548611111111112 0.0390625
2 0.4079861111111111 0.5112847222222222 0.019097222222222224 0.058159722222222224
2 0.8029513888888888 0.3411458333333333 0.009548611111111112 0.036458333333333336
2 0.2378472222222222 0.4427083333333333 0.008680555555555556 0.049479166666666664
2 0.6857638888888888 0.2994791666666667 0.0078125 0.03211805555555555
2 0.8125 0.3524305555555556 0.0078125 0.041666666666666664
2 0.7022569444444444 0.4071180555555556 0.014756944444444444 0.043402777777777776
2 0.3333333333333333 0.3194444444444444 0.0078125 0.0390625
2 0.7777777777777778 0.5954861111111112 0.013888888888888888 0.06076388888888889
3 0.4956597222222222 0.4496527777777778 0.017361111111111112 0.042534722222222224
2 0.6501736111111112 0.4548611111111111 0.010416666666666666 0.0546875
2 0.6501736111111112 0.3159722222222222 0.009548611111111112 0.03819444444444445
2 0.4409722222222222 0.5104166666666666 0.011284722222222222 0.049479166666666664
2 0.3975694444444444 0.3845486111111111 0.008680555555555556 0.04513888888888889
2 0.2881944444444444 0.4071180555555556 0.009548611111111112 0.04774305555555555
2 0.3454861111111111 0.6119791666666666 0.013888888888888888 0.0642361111111111
2 0.484375 0.4913194444444444 0.014756944444444444 0.049479166666666664
2 0.8168402777777778 0.4661458333333333 0.014756944444444444 0.05381944444444445
2 0.3012152777777778 0.5972222222222222 0.030381944444444444 0.05381944444444445
2 0.2222222222222222 0.4748263888888889 0.012152777777777778 0.05642361111111111
3 0.9270833333333334 0.8498263888888888 0.027777777777777776 0.0876736111111111
3 0.4270833333333333 0.20572916666666666 0.008680555555555556 0.03125
2 0.4036458333333333 0.4991319444444444 0.021701388888888888 0.049479166666666664
0 0.4357638888888889 0.5434027777777778 0.004340277777777778 0.010416666666666666