2 0.6649305555555556 0.3151041666666667 0.017361111111111112 0.051215277777777776
3 0.06597222222222222 0.22743055555555555 0.011284722222222222 0.03993055555555555
2 0.53125 0.2560763888888889 0.014756944444444444 0.046875
0 0.5789930555555556 0.3064236111111111 0.006944444444444444 0.011284722222222222
2 0.4401041666666667 0.22135416666666666 0.011284722222222222 0.03298611111111111
2 0.4956597222222222 0.2838541666666667 0.016493055555555556 0.04774305555555555
2 0.3697916666666667 0.3107638888888889 0.015625 0.051215277777777776
2 0.5225694444444444 0.3975694444444444 0.016493055555555556 0.050347222222222224
2 0.2595486111111111 0.24739583333333334 0.008680555555555556 0.044270833333333336
1 0.8776041666666666 0.2881944444444444 0.012152777777777778 0.051215277777777776
2 0.22135416666666666 0.2439236111111111 0.008680555555555556 0.041666666666666664
3 0.4817708333333333 0.3133680555555556 0.011284722222222222 0.04774305555555555
2 0.22569444444444445 0.2994791666666667 0.009548611111111112 0.04774305555555555
2 0.4635416666666667 0.2309027777777778 0.016493055555555556 0.0390625
2 0.5407986111111112 0.3046875 0.014756944444444444 0.04774305555555555
2 0.14756944444444445 0.3263888888888889 0.015625 0.049479166666666664
2 0.06076388888888889 0.2890625 0.011284722222222222 0.04774305555555555
2 0.4227430555555556 0.3446180555555556 0.017361111111111112 0.049479166666666664
2 0.6753472222222222 0.3385416666666667 0.012152777777777778 0.057291666666666664
2 0.23177083333333334 0.3663194444444444 0.013020833333333334 0.057291666666666664
2 0.7248263888888888 0.3532986111111111 0.013888888888888888 0.05555555555555555
2 0.2986111111111111 0.3298611111111111 0.019097222222222224 0.04513888888888889
2 0.08333333333333333 0.4817708333333333 0.021701388888888888 0.06597222222222222
2 0.8020833333333334 0.6501736111111112 0.030381944444444444 0.07378472222222222