2 0.4947916666666667 0.2569444444444444 0.006076388888888889 0.028645833333333332
2 0.2560763888888889 0.3732638888888889 0.0078125 0.03993055555555555
2 0.4105902777777778 0.2960069444444444 0.006944444444444444 0.03125
2 0.2630208333333333 0.3732638888888889 0.008680555555555556 0.0390625
2 0.4392361111111111 0.3767361111111111 0.0078125 0.033854166666666664
2 0.2864583333333333 0.3168402777777778 0.006944444444444444 0.030381944444444444
2 0.7300347222222222 0.4774305555555556 0.011284722222222222 0.04600694444444445
1 0.005208333333333333 0.3949652777777778 0.009548611111111112 0.0390625
2 0.4678819444444444 0.3524305555555556 0.009548611111111112 0.03732638888888889
2 0.8090277777777778 0.4470486111111111 0.009548611111111112 0.044270833333333336
2 0.3220486111111111 0.3098958333333333 0.006944444444444444 0.03211805555555555
2 0.2421875 0.6085069444444444 0.013888888888888888 0.05555555555555555
2 0.5920138888888888 0.3723958333333333 0.008680555555555556 0.0390625
3 0.9678819444444444 0.6684027777777778 0.020833333333333332 0.06163194444444445
2 0.5703125 0.5121527777777778 0.011284722222222222 0.049479166666666664
3 0.3559027777777778 0.4244791666666667 0.0078125 0.042534722222222224
2 0.6137152777777778 0.5538194444444444 0.012152777777777778 0.051215277777777776
2 0.2708333333333333 0.5199652777777778 0.011284722222222222 0.059027777777777776
2 0.2881944444444444 0.5442708333333334 0.011284722222222222 0.05381944444444445
2 0.6953125 0.3133680555555556 0.0078125 0.03732638888888889
2 0.6822916666666666 0.4921875 0.011284722222222222 0.05381944444444445
2 0.5894097222222222 0.5677083333333334 0.012152777777777778 0.05642361111111111
2 0.16145833333333334 0.7092013888888888 0.019097222222222224 0.059895833333333336
3 0.3055555555555556 0.2465277777777778 0.006944444444444444 0.030381944444444444
1 0.9192708333333334 0.3697916666666667 0.013888888888888888 0.0390625
0 0.8055555555555556 0.4644097222222222 0.005208333333333333 0.010416666666666666