2 0.6857638888888888 0.3854166666666667 0.008680555555555556 0.041666666666666664
2 0.6805555555555556 0.3211805555555556 0.006944444444444444 0.043402777777777776
2 0.5946180555555556 0.3342013888888889 0.012152777777777778 0.044270833333333336
2 0.6397569444444444 0.3506944444444444 0.008680555555555556 0.04079861111111111
2 0.7256944444444444 0.3376736111111111 0.008680555555555556 0.042534722222222224
3 0.021701388888888888 0.2690972222222222 0.010416666666666666 0.041666666666666664
2 0.2708333333333333 0.296875 0.008680555555555556 0.041666666666666664
2 0.7118055555555556 0.3498263888888889 0.011284722222222222 0.04774305555555555
2 0.7439236111111112 0.3914930555555556 0.010416666666666666 0.050347222222222224
2 0.6527777777777778 0.3637152777777778 0.009548611111111112 0.046875
2 0.5234375 0.3185763888888889 0.012152777777777778 0.0390625
2 0.390625 0.4470486111111111 0.009548611111111112 0.058159722222222224
3 0.5928819444444444 0.375 0.010416666666666666 0.052083333333333336
2 0.2552083333333333 0.3220486111111111 0.0078125 0.043402777777777776
2 0.4973958333333333 0.3559027777777778 0.009548611111111112 0.04600694444444445
2 0.6805555555555556 0.4131944444444444 0.014756944444444444 0.05381944444444445
2 0.17881944444444445 0.3819444444444444 0.011284722222222222 0.049479166666666664
2 0.3802083333333333 0.4513888888888889 0.011284722222222222 0.059895833333333336
2 0.4583333333333333 0.3828125 0.009548611111111112 0.050347222222222224
1 0.7309027777777778 0.2960069444444444 0.012152777777777778 0.046875
0 0.5633680555555556 0.2977430555555556 0.005208333333333333 0.010416666666666666
2 0.5833333333333334 0.3289930555555556 0.015625 0.04079861111111111
2 0.6067708333333334 0.2977430555555556 0.011284722222222222 0.03993055555555555
2 0.6163194444444444 0.3003472222222222 0.013888888888888888 0.035590277777777776