1 0.8263888888888888 0.3133680555555556 0.012152777777777778 0.027777777777777776
2 0.4435763888888889 0.2734375 0.006076388888888889 0.029513888888888888
2 0.2829861111111111 0.3454861111111111 0.006944444444444444 0.03125
2 0.6171875 0.3359375 0.009548611111111112 0.03819444444444445
2 0.3064236111111111 0.2994791666666667 0.006944444444444444 0.028645833333333332
2 0.2803819444444444 0.3715277777777778 0.008680555555555556 0.0390625
2 0.4461805555555556 0.3255208333333333 0.006076388888888889 0.036458333333333336
1 0.014756944444444444 0.3958333333333333 0.010416666666666666 0.041666666666666664
2 0.6961805555555556 0.2760416666666667 0.008680555555555556 0.030381944444444444
2 0.7899305555555556 0.3845486111111111 0.009548611111111112 0.035590277777777776
2 0.5703125 0.4105902777777778 0.008680555555555556 0.0390625
2 0.7586805555555556 0.3776041666666667 0.009548611111111112 0.042534722222222224
2 0.2569444444444444 0.5555555555555556 0.011284722222222222 0.052083333333333336
2 0.4652777777777778 0.3220486111111111 0.008680555555555556 0.033854166666666664
2 0.2361111111111111 0.6796875 0.012152777777777778 0.058159722222222224
3 0.3706597222222222 0.3949652777777778 0.009548611111111112 0.041666666666666664
2 0.6171875 0.6128472222222222 0.019965277777777776 0.06076388888888889
2 0.6458333333333334 0.4079861111111111 0.013888888888888888 0.041666666666666664
2 0.2569444444444444 0.4375 0.0078125 0.049479166666666664
2 0.3194444444444444 0.4991319444444444 0.011284722222222222 0.051215277777777776
2 0.5486111111111112 0.5173611111111112 0.012152777777777778 0.052083333333333336
2 0.3324652777777778 0.3012152777777778 0.006944444444444444 0.030381944444444444
3 0.3125 0.24305555555555555 0.006076388888888889 0.026909722222222224
0 0.7873263888888888 0.3411458333333333 0.003472222222222222 0.006944444444444444