2 0.4444444444444444 0.2630208333333333 0.015625 0.043402777777777776
0 0.2690972222222222 0.6293402777777778 0.010416666666666666 0.013888888888888888
2 0.7430555555555556 0.2690972222222222 0.009548611111111112 0.042534722222222224
2 0.4149305555555556 0.2682291666666667 0.013888888888888888 0.0390625
3 0.4609375 0.3758680555555556 0.020833333333333332 0.059027777777777776
2 0.3402777777777778 0.3376736111111111 0.024305555555555556 0.051215277777777776
2 0.24913194444444445 0.4470486111111111 0.027777777777777776 0.06163194444444445
2 0.3880208333333333 0.3255208333333333 0.019965277777777776 0.0546875
2 0.7734375 0.2986111111111111 0.013888888888888888 0.049479166666666664
2 0.6996527777777778 0.3359375 0.009548611111111112 0.05295138888888889
2 0.3767361111111111 0.3888888888888889 0.017361111111111112 0.052083333333333336
2 0.3619791666666667 0.3689236111111111 0.016493055555555556 0.059895833333333336
2 0.7092013888888888 0.2786458333333333 0.013888888888888888 0.04600694444444445
2 0.5295138888888888 0.3151041666666667 0.014756944444444444 0.050347222222222224
2 0.2465277777777778 0.4939236111111111 0.029513888888888888 0.0720486111111111
2 0.5017361111111112 0.4227430555555556 0.019965277777777776 0.0685763888888889
2 0.3923611111111111 0.3897569444444444 0.019965277777777776 0.059895833333333336
2 0.6336805555555556 0.3940972222222222 0.021701388888888888 0.06770833333333333
2 0.2829861111111111 0.3585069444444444 0.020833333333333332 0.057291666666666664
2 0.8055555555555556 0.3758680555555556 0.014756944444444444 0.06510416666666667
2 0.5703125 0.4913194444444444 0.013888888888888888 0.0642361111111111
2 0.21961805555555555 0.6918402777777778 0.04600694444444445 0.0954861111111111
3 0.3810763888888889 0.22569444444444445 0.015625 0.03993055555555555