2 0.2621527777777778 0.3038194444444444 0.008680555555555556 0.0390625
2 0.5555555555555556 0.3055555555555556 0.009548611111111112 0.0390625
3 0.8932291666666666 0.6128472222222222 0.021701388888888888 0.0798611111111111
2 0.5243055555555556 0.2847222222222222 0.008680555555555556 0.03819444444444445
2 0.6232638888888888 0.34375 0.009548611111111112 0.04774305555555555
2 0.3975694444444444 0.3480902777777778 0.009548611111111112 0.041666666666666664
2 0.8524305555555556 0.3289930555555556 0.012152777777777778 0.046875
3 0.4895833333333333 0.3845486111111111 0.009548611111111112 0.050347222222222224
2 0.4288194444444444 0.3463541666666667 0.010416666666666666 0.04600694444444445
2 0.3133680555555556 0.4739583333333333 0.011284722222222222 0.06597222222222222
2 0.5590277777777778 0.3828125 0.016493055555555556 0.05295138888888889
2 0.4791666666666667 0.4991319444444444 0.013020833333333334 0.06684027777777778
2 0.6171875 0.3758680555555556 0.012152777777777778 0.05381944444444445
2 0.7447916666666666 0.5190972222222222 0.016493055555555556 0.0703125
2 0.6284722222222222 0.5 0.020833333333333332 0.05381944444444445
2 0.4140625 0.5434027777777778 0.025173611111111112 0.06684027777777778
2 0.18055555555555555 0.3828125 0.011284722222222222 0.05295138888888889
2 0.7265625 0.5269097222222222 0.013020833333333334 0.07465277777777778
2 0.5928819444444444 0.5095486111111112 0.012152777777777778 0.0685763888888889
2 0.4392361111111111 0.5321180555555556 0.012152777777777778 0.06597222222222222
2 0.6883680555555556 0.4071180555555556 0.014756944444444444 0.05555555555555555
2 0.5581597222222222 0.5390625 0.019965277777777776 0.0703125
2 0.1501736111111111 0.5269097222222222 0.024305555555555556 0.07378472222222222
0 0.6388888888888888 0.2803819444444444 0.0078125 0.012152777777777778
3 0.21354166666666666 0.2586805555555556 0.0078125 0.03298611111111111