2 0.5217013888888888 0.3046875 0.008680555555555556 0.044270833333333336
2 0.6015625 0.2838541666666667 0.0078125 0.0390625
2 0.5729166666666666 0.2630208333333333 0.0078125 0.03732638888888889
2 0.4496527777777778 0.3064236111111111 0.009548611111111112 0.04600694444444445
0 0.4010416666666667 0.6545138888888888 0.010416666666666666 0.014756944444444444
2 0.3142361111111111 0.2699652777777778 0.008680555555555556 0.036458333333333336
2 0.5112847222222222 0.3359375 0.008680555555555556 0.04774305555555555
2 0.6875 0.3567708333333333 0.013888888888888888 0.05381944444444445
3 0.5659722222222222 0.3428819444444444 0.009548611111111112 0.049479166666666664
2 0.7586805555555556 0.4548611111111111 0.014756944444444444 0.052083333333333336
2 0.6371527777777778 0.4635416666666667 0.013888888888888888 0.046875
2 0.6579861111111112 0.3385416666666667 0.016493055555555556 0.051215277777777776
2 0.3133680555555556 0.390625 0.012152777777777778 0.059027777777777776
1 0.9383680555555556 0.328125 0.013888888888888888 0.051215277777777776
2 0.7942708333333334 0.5243055555555556 0.019097222222222224 0.058159722222222224
2 0.4548611111111111 0.4973958333333333 0.013020833333333334 0.06684027777777778
2 0.5815972222222222 0.4348958333333333 0.021701388888888888 0.05642361111111111
2 0.3932291666666667 0.3984375 0.019965277777777776 0.059027777777777776
2 0.7265625 0.5590277777777778 0.017361111111111112 0.0685763888888889
2 0.22135416666666666 0.3532986111111111 0.011284722222222222 0.05381944444444445
2 0.1675347222222222 0.5060763888888888 0.017361111111111112 0.0703125
3 0.9548611111111112 0.6701388888888888 0.030381944444444444 0.09461805555555555
2 0.4869791666666667 0.6649305555555556 0.03732638888888889 0.08246527777777778
3 0.2682291666666667 0.23958333333333334 0.008680555555555556 0.041666666666666664
2 0.6258680555555556 0.3125 0.013020833333333334 0.044270833333333336