2 0.5625 0.4296875 0.009548611111111112 0.042534722222222224
2 0.5590277777777778 0.3229166666666667 0.012152777777777778 0.04079861111111111
2 0.6397569444444444 0.3559027777777778 0.010416666666666666 0.04513888888888889
2 0.5321180555555556 0.2934027777777778 0.009548611111111112 0.03819444444444445
1 0.8723958333333334 0.3255208333333333 0.011284722222222222 0.044270833333333336
2 0.5373263888888888 0.4001736111111111 0.015625 0.05642361111111111
2 0.6467013888888888 0.4331597222222222 0.016493055555555556 0.052083333333333336
2 0.6484375 0.3810763888888889 0.012152777777777778 0.057291666666666664
3 0.4756944444444444 0.3949652777777778 0.013020833333333334 0.04600694444444445
2 0.2604166666666667 0.3263888888888889 0.012152777777777778 0.04513888888888889
2 0.4383680555555556 0.3715277777777778 0.011284722222222222 0.052083333333333336
2 0.5659722222222222 0.46875 0.013888888888888888 0.0546875
2 0.4045138888888889 0.3732638888888889 0.017361111111111112 0.049479166666666664
2 0.6579861111111112 0.4427083333333333 0.010416666666666666 0.059895833333333336
2 0.6805555555555556 0.4001736111111111 0.016493055555555556 0.05555555555555555
2 0.4722222222222222 0.4574652777777778 0.015625 0.05555555555555555
2 0.5625 0.5251736111111112 0.016493055555555556 0.0642361111111111
2 0.4583333333333333 0.5008680555555556 0.013020833333333334 0.05555555555555555
3 0.8802083333333334 0.6189236111111112 0.020833333333333332 0.08072916666666667
2 0.2404513888888889 0.3975694444444444 0.015625 0.05381944444444445
2 0.3663194444444444 0.5407986111111112 0.017361111111111112 0.0703125
2 0.3255208333333333 0.5260416666666666 0.026909722222222224 0.06597222222222222
2 0.1736111111111111 0.5112847222222222 0.022569444444444444 0.06684027777777778
3 0.2560763888888889 0.2569444444444444 0.009548611111111112 0.030381944444444444
0 0.3506944444444444 0.5572916666666666 0.0078125 0.014756944444444444