2 0.4600694444444444 0.4800347222222222 0.03298611111111111 0.059027777777777776
2 0.4036458333333333 0.3003472222222222 0.011284722222222222 0.046875
1 0.005208333333333333 0.3289930555555556 0.010416666666666666 0.057291666666666664
2 0.4765625 0.3350694444444444 0.013888888888888888 0.044270833333333336
2 0.7213541666666666 0.4609375 0.014756944444444444 0.06684027777777778
2 0.5876736111111112 0.4123263888888889 0.013020833333333334 0.06336805555555555
2 0.7673611111111112 0.3446180555555556 0.011284722222222222 0.057291666666666664
3 0.4444444444444444 0.4175347222222222 0.010416666666666666 0.059895833333333336
2 0.4817708333333333 0.4557291666666667 0.013888888888888888 0.06944444444444445
2 0.4921875 0.3506944444444444 0.017361111111111112 0.050347222222222224
2 0.7951388888888888 0.3671875 0.014756944444444444 0.06336805555555555
2 0.7326388888888888 0.4704861111111111 0.012152777777777778 0.078125
2 0.5659722222222222 0.3776041666666667 0.014756944444444444 0.059895833333333336
2 0.8237847222222222 0.3784722222222222 0.014756944444444444 0.06336805555555555
2 0.2378472222222222 0.3541666666666667 0.014756944444444444 0.058159722222222224
2 0.5017361111111112 0.4861111111111111 0.016493055555555556 0.06336805555555555
2 0.3532986111111111 0.4131944444444444 0.021701388888888888 0.050347222222222224
2 0.2960069444444444 0.5199652777777778 0.013888888888888888 0.08159722222222222
2 0.1875 0.4244791666666667 0.016493055555555556 0.06684027777777778
2 0.10503472222222222 0.3793402777777778 0.019965277777777776 0.06336805555555555
2 0.5833333333333334 0.5269097222222222 0.019097222222222224 0.07465277777777778
0 0.4331597222222222 0.4366319444444444 0.006076388888888889 0.013020833333333334
2 0.4618055555555556 0.4748263888888889 0.017361111111111112 0.06336805555555555
3 0.3975694444444444 0.21788194444444445 0.011284722222222222 0.0390625