2 0.5147569444444444 0.2586805555555556 0.0078125 0.036458333333333336
2 0.5225694444444444 0.2838541666666667 0.0078125 0.03819444444444445
2 0.578125 0.2717013888888889 0.011284722222222222 0.0390625
2 0.5980902777777778 0.2743055555555556 0.010416666666666666 0.036458333333333336
2 0.375 0.3012152777777778 0.008680555555555556 0.043402777777777776
2 0.5477430555555556 0.24479166666666666 0.010416666666666666 0.033854166666666664
2 0.3368055555555556 0.2673611111111111 0.008680555555555556 0.0390625
2 0.6171875 0.2986111111111111 0.009548611111111112 0.04513888888888889
2 0.5381944444444444 0.3237847222222222 0.008680555555555556 0.03819444444444445
3 0.5529513888888888 0.3038194444444444 0.009548611111111112 0.044270833333333336
2 0.3871527777777778 0.3255208333333333 0.008680555555555556 0.04513888888888889
2 0.5251736111111112 0.3689236111111111 0.010416666666666666 0.050347222222222224
2 0.203125 0.3133680555555556 0.013020833333333334 0.044270833333333336
2 0.34375 0.3619791666666667 0.013020833333333334 0.050347222222222224
2 0.7013888888888888 0.3168402777777778 0.014756944444444444 0.046875
1 0.9149305555555556 0.3116319444444444 0.011284722222222222 0.046875
2 0.6684027777777778 0.3376736111111111 0.014756944444444444 0.049479166666666664
2 0.9019097222222222 0.578125 0.013888888888888888 0.0859375
2 0.7543402777777778 0.4496527777777778 0.016493055555555556 0.05555555555555555
2 0.4470486111111111 0.5329861111111112 0.015625 0.0920138888888889
2 0.21006944444444445 0.4340277777777778 0.014756944444444444 0.06076388888888889
3 0.2439236111111111 0.24739583333333334 0.011284722222222222 0.034722222222222224
0 0.2734375 0.3064236111111111 0.004340277777777778 0.009548611111111112
2 0.3802083333333333 0.2708333333333333 0.009548611111111112 0.03993055555555555