2 0.4427083333333333 0.2699652777777778 0.009548611111111112 0.0390625
2 0.5225694444444444 0.2847222222222222 0.008680555555555556 0.041666666666666664
2 0.5746527777777778 0.3003472222222222 0.009548611111111112 0.04774305555555555
2 0.2994791666666667 0.3220486111111111 0.013888888888888888 0.052083333333333336
3 0.5086805555555556 0.3012152777777778 0.011284722222222222 0.04600694444444445
2 0.2925347222222222 0.2751736111111111 0.011284722222222222 0.04600694444444445
2 0.5399305555555556 0.3411458333333333 0.009548611111111112 0.046875
2 0.4539930555555556 0.2934027777777778 0.009548611111111112 0.052083333333333336
2 0.3402777777777778 0.2803819444444444 0.009548611111111112 0.04079861111111111
2 0.6510416666666666 0.34375 0.008680555555555556 0.05555555555555555
2 0.6397569444444444 0.3411458333333333 0.012152777777777778 0.05555555555555555
1 0.8880208333333334 0.328125 0.008680555555555556 0.05555555555555555
2 0.5295138888888888 0.390625 0.014756944444444444 0.06076388888888889
2 0.1840277777777778 0.3402777777777778 0.010416666666666666 0.05642361111111111
2 0.3645833333333333 0.3567708333333333 0.012152777777777778 0.05642361111111111
2 0.4739583333333333 0.5112847222222222 0.017361111111111112 0.0798611111111111
2 0.5946180555555556 0.3619791666666667 0.011284722222222222 0.059027777777777776
2 0.2326388888888889 0.4496527777777778 0.014756944444444444 0.07118055555555555
2 0.7065972222222222 0.4071180555555556 0.012152777777777778 0.06336805555555555
2 0.8446180555555556 0.6527777777777778 0.026041666666666668 0.09461805555555555
0 0.2890625 0.3098958333333333 0.005208333333333333 0.012152777777777778
2 0.5069444444444444 0.2881944444444444 0.011284722222222222 0.051215277777777776
2 0.4470486111111111 0.2612847222222222 0.011284722222222222 0.03819444444444445
3 0.16666666666666666 0.2690972222222222 0.008680555555555556 0.04513888888888889