2 0.5555555555555556 0.2855902777777778 0.012152777777777778 0.03125
2 0.546875 0.3003472222222222 0.009548611111111112 0.03298611111111111
2 0.7039930555555556 0.3107638888888889 0.008680555555555556 0.03819444444444445
1 0.9583333333333334 0.3446180555555556 0.011284722222222222 0.036458333333333336
2 0.7317708333333334 0.3689236111111111 0.011284722222222222 0.03993055555555555
2 0.6979166666666666 0.3506944444444444 0.011284722222222222 0.043402777777777776
2 0.7204861111111112 0.3255208333333333 0.009548611111111112 0.042534722222222224
3 0.5902777777777778 0.3289930555555556 0.0078125 0.041666666666666664
2 0.6067708333333334 0.3446180555555556 0.012152777777777778 0.044270833333333336
2 0.4652777777777778 0.359375 0.008680555555555556 0.04600694444444445
2 0.4305555555555556 0.3133680555555556 0.013888888888888888 0.036458333333333336
2 0.328125 0.3663194444444444 0.009548611111111112 0.051215277777777776
2 0.8072916666666666 0.3871527777777778 0.009548611111111112 0.046875
2 0.7638888888888888 0.3506944444444444 0.008680555555555556 0.04774305555555555
2 0.6267361111111112 0.3758680555555556 0.009548611111111112 0.049479166666666664
2 0.2786458333333333 0.4019097222222222 0.013888888888888888 0.057291666666666664
2 0.3654513888888889 0.4375 0.012152777777777778 0.05642361111111111
2 0.3012152777777778 0.4479166666666667 0.011284722222222222 0.05642361111111111
2 0.7890625 0.4565972222222222 0.013888888888888888 0.057291666666666664
2 0.5642361111111112 0.4123263888888889 0.012152777777777778 0.05295138888888889
2 0.6432291666666666 0.5052083333333334 0.017361111111111112 0.06076388888888889
2 0.3645833333333333 0.7569444444444444 0.022569444444444444 0.10069444444444445
2 0.3359375 0.765625 0.021701388888888888 0.10243055555555555
3 0.3003472222222222 0.2786458333333333 0.009548611111111112 0.04079861111111111
2 0.6961805555555556 0.3220486111111111 0.011284722222222222 0.03819444444444445