2 0.4461805555555556 0.3446180555555556 0.012152777777777778 0.041666666666666664
2 0.8159722222222222 0.34375 0.008680555555555556 0.0390625
2 0.3385416666666667 0.2855902777777778 0.014756944444444444 0.03125
2 0.7855902777777778 0.3185763888888889 0.009548611111111112 0.04513888888888889
2 0.3428819444444444 0.3133680555555556 0.009548611111111112 0.042534722222222224
2 0.8159722222222222 0.3836805555555556 0.010416666666666666 0.057291666666666664
2 0.4644097222222222 0.2664930555555556 0.008680555555555556 0.036458333333333336
2 0.4461805555555556 0.3637152777777778 0.012152777777777778 0.06076388888888889
2 0.4895833333333333 0.2994791666666667 0.008680555555555556 0.046875
2 0.4739583333333333 0.2803819444444444 0.009548611111111112 0.04079861111111111
2 0.7309027777777778 0.2951388888888889 0.0078125 0.0390625
2 0.8046875 0.3654513888888889 0.012152777777777778 0.06076388888888889
1 0.0954861111111111 0.3446180555555556 0.011284722222222222 0.052083333333333336
2 0.5034722222222222 0.3081597222222222 0.0078125 0.04774305555555555
3 0.6085069444444444 0.3489583333333333 0.009548611111111112 0.052083333333333336
2 0.6267361111111112 0.3836805555555556 0.011284722222222222 0.050347222222222224
2 0.8619791666666666 0.5364583333333334 0.015625 0.07552083333333333
2 0.1267361111111111 0.4184027777777778 0.012152777777777778 0.06076388888888889
2 0.7109375 0.3671875 0.011284722222222222 0.05555555555555555
3 0.9279513888888888 0.8836805555555556 0.027777777777777776 0.1293402777777778
2 0.3524305555555556 0.5998263888888888 0.024305555555555556 0.1111111111111111
2 0.8454861111111112 0.7630208333333334 0.024305555555555556 0.11197916666666667
3 0.3654513888888889 0.2578125 0.009548611111111112 0.0390625