1 0.140625 0.3984375 0.011284722222222222 0.03819444444444445
2 0.7569444444444444 0.3897569444444444 0.011284722222222222 0.043402777777777776
0 0.2526041666666667 0.5911458333333334 0.006076388888888889 0.009548611111111112
2 0.3185763888888889 0.3585069444444444 0.009548611111111112 0.03732638888888889
2 0.4392361111111111 0.4166666666666667 0.011284722222222222 0.044270833333333336
2 0.6128472222222222 0.3715277777777778 0.008680555555555556 0.03819444444444445
2 0.8350694444444444 0.4739583333333333 0.013020833333333334 0.05295138888888889
2 0.3637152777777778 0.3880208333333333 0.009548611111111112 0.044270833333333336
3 0.5625 0.4270833333333333 0.009548611111111112 0.042534722222222224
2 0.6788194444444444 0.4401041666666667 0.009548611111111112 0.050347222222222224
2 0.3706597222222222 0.4895833333333333 0.015625 0.05295138888888889
2 0.5338541666666666 0.3862847222222222 0.008680555555555556 0.041666666666666664
2 0.7725694444444444 0.4800347222222222 0.012152777777777778 0.05642361111111111
2 0.8645833333333334 0.5347222222222222 0.012152777777777778 0.0642361111111111
2 0.4383680555555556 0.5338541666666666 0.016493055555555556 0.05555555555555555
2 0.7178819444444444 0.6137152777777778 0.017361111111111112 0.06944444444444445
2 0.21180555555555555 0.5451388888888888 0.013020833333333334 0.057291666666666664
2 0.8446180555555556 0.4956597222222222 0.015625 0.058159722222222224
2 0.5902777777777778 0.5243055555555556 0.011284722222222222 0.06076388888888889
2 0.6223958333333334 0.5902777777777778 0.011284722222222222 0.06944444444444445
2 0.3793402777777778 0.6206597222222222 0.016493055555555556 0.0703125
2 0.3368055555555556 0.6432291666666666 0.015625 0.0703125
3 0.9513888888888888 0.7664930555555556 0.029513888888888888 0.08940972222222222
2 0.5208333333333334 0.3159722222222222 0.008680555555555556 0.030381944444444444
3 0.4175347222222222 0.2994791666666667 0.0078125 0.027777777777777776