2 0.4461805555555556 0.2847222222222222 0.011284722222222222 0.036458333333333336
2 0.5668402777777778 0.3454861111111111 0.010416666666666666 0.049479166666666664
2 0.5876736111111112 0.2847222222222222 0.009548611111111112 0.03993055555555555
2 0.6050347222222222 0.2986111111111111 0.008680555555555556 0.041666666666666664
2 0.6458333333333334 0.3324652777777778 0.008680555555555556 0.04600694444444445
2 0.7222222222222222 0.3967013888888889 0.012152777777777778 0.06684027777777778
2 0.5243055555555556 0.3914930555555556 0.010416666666666666 0.051215277777777776
2 0.9947916666666666 0.3532986111111111 0.010416666666666666 0.05642361111111111
2 0.5164930555555556 0.3263888888888889 0.009548611111111112 0.046875
2 0.3151041666666667 0.34375 0.012152777777777778 0.04600694444444445
2 0.5555555555555556 0.3272569444444444 0.009548611111111112 0.050347222222222224
2 0.4253472222222222 0.4340277777777778 0.014756944444444444 0.0642361111111111
2 0.7265625 0.4053819444444444 0.013888888888888888 0.059027777777777776
2 0.6840277777777778 0.3541666666666667 0.014756944444444444 0.0546875
2 0.4505208333333333 0.3923611111111111 0.013020833333333334 0.058159722222222224
2 0.5069444444444444 0.5972222222222222 0.019097222222222224 0.09114583333333333
2 0.2109375 0.4982638888888889 0.022569444444444444 0.07465277777777778
2 0.6371527777777778 0.4279513888888889 0.013888888888888888 0.0642361111111111
2 0.5876736111111112 0.4635416666666667 0.013888888888888888 0.0642361111111111
2 0.8637152777777778 0.6927083333333334 0.022569444444444444 0.0954861111111111
2 0.7942708333333334 0.4982638888888889 0.013888888888888888 0.06944444444444445
3 0.5677083333333334 0.3567708333333333 0.010416666666666666 0.05295138888888889
0 0.3802083333333333 0.3394097222222222 0.005208333333333333 0.010416666666666666
3 0.2838541666666667 0.2699652777777778 0.012152777777777778 0.0390625