3 0.3064236111111111 0.2647569444444444 0.010416666666666666 0.03732638888888889
0 0.3611111111111111 0.6059027777777778 0.006076388888888889 0.012152777777777778
2 0.3836805555555556 0.2994791666666667 0.009548611111111112 0.03993055555555555
2 0.6701388888888888 0.3272569444444444 0.009548611111111112 0.04774305555555555
2 0.4592013888888889 0.3324652777777778 0.010416666666666666 0.046875
2 0.640625 0.3020833333333333 0.012152777777777778 0.043402777777777776
3 0.9913194444444444 0.8116319444444444 0.017361111111111112 0.09375
2 0.4965277777777778 0.3385416666666667 0.012152777777777778 0.051215277777777776
3 0.5720486111111112 0.4053819444444444 0.010416666666666666 0.05555555555555555
2 0.8428819444444444 0.6883680555555556 0.014756944444444444 0.09635416666666667
2 0.6979166666666666 0.3663194444444444 0.013888888888888888 0.050347222222222224
2 0.6848958333333334 0.3784722222222222 0.013888888888888888 0.057291666666666664
2 0.7387152777777778 0.3975694444444444 0.015625 0.06163194444444445
2 0.6284722222222222 0.5104166666666666 0.014756944444444444 0.059027777777777776
2 0.6111111111111112 0.4522569444444444 0.016493055555555556 0.06597222222222222
2 0.2508680555555556 0.3472222222222222 0.013020833333333334 0.05381944444444445
2 0.5529513888888888 0.4105902777777778 0.016493055555555556 0.06510416666666667
2 0.7864583333333334 0.4887152777777778 0.014756944444444444 0.0720486111111111
2 0.4852430555555556 0.6284722222222222 0.017361111111111112 0.08940972222222222
2 0.08854166666666667 0.5546875 0.019965277777777776 0.07899305555555555
2 0.796875 0.7786458333333334 0.027777777777777776 0.1076388888888889
2 0.3515625 0.6840277777777778 0.022569444444444444 0.08854166666666667
2 0.3350694444444444 0.4765625 0.016493055555555556 0.0703125
2 0.2942708333333333 0.4392361111111111 0.013020833333333334 0.06076388888888889