3 0.2170138888888889 0.2300347222222222 0.009548611111111112 0.04600694444444445
2 0.3376736111111111 0.2829861111111111 0.017361111111111112 0.04079861111111111
2 0.3081597222222222 0.2803819444444444 0.013020833333333334 0.044270833333333336
2 0.4609375 0.2326388888888889 0.012152777777777778 0.041666666666666664
2 0.5998263888888888 0.2439236111111111 0.009548611111111112 0.04513888888888889
2 0.3628472222222222 0.23958333333333334 0.015625 0.0390625
2 0.5460069444444444 0.2682291666666667 0.013888888888888888 0.04774305555555555
2 0.6241319444444444 0.2439236111111111 0.013888888888888888 0.042534722222222224
2 0.7690972222222222 0.4010416666666667 0.018229166666666668 0.06163194444444445
2 0.3559027777777778 0.2803819444444444 0.012152777777777778 0.04774305555555555
2 0.6727430555555556 0.296875 0.009548611111111112 0.05642361111111111
2 0.5807291666666666 0.2595486111111111 0.010416666666666666 0.050347222222222224
3 0.4201388888888889 0.3203125 0.013888888888888888 0.05642361111111111
2 0.328125 0.3151041666666667 0.014756944444444444 0.050347222222222224
2 0.5199652777777778 0.2855902777777778 0.013888888888888888 0.050347222222222224
2 0.17881944444444445 0.3776041666666667 0.020833333333333332 0.05642361111111111
2 0.4557291666666667 0.3029513888888889 0.014756944444444444 0.05381944444444445
2 0.4375 0.3142361111111111 0.013888888888888888 0.05381944444444445
2 0.2743055555555556 0.4279513888888889 0.025173611111111112 0.0685763888888889
2 0.2508680555555556 0.4435763888888889 0.022569444444444444 0.06684027777777778
2 0.3203125 0.2769097222222222 0.016493055555555556 0.04079861111111111
2 0.3298611111111111 0.265625 0.012152777777777778 0.041666666666666664