2 0.1875 0.5590277777777778 0.022569444444444444 0.07552083333333333
2 0.4383680555555556 0.5581597222222222 0.021701388888888888 0.08072916666666667
2 0.2109375 0.4583333333333333 0.022569444444444444 0.0642361111111111
2 0.1909722222222222 0.4947916666666667 0.022569444444444444 0.06684027777777778
2 0.4227430555555556 0.4479166666666667 0.018229166666666668 0.0685763888888889
2 0.9513888888888888 0.3307291666666667 0.013888888888888888 0.05295138888888889
2 0.4079861111111111 0.3359375 0.012152777777777778 0.04861111111111111
2 0.8671875 0.3793402777777778 0.015625 0.05642361111111111
2 0.9539930555555556 0.4348958333333333 0.019965277777777776 0.06944444444444445
2 0.8975694444444444 0.2855902777777778 0.010416666666666666 0.046875
2 0.6840277777777778 0.4366319444444444 0.026909722222222224 0.06944444444444445
3 0.46875 0.4071180555555556 0.018229166666666668 0.06597222222222222
2 0.3628472222222222 0.3975694444444444 0.022569444444444444 0.052083333333333336
2 0.3810763888888889 0.3116319444444444 0.010416666666666666 0.0546875
2 0.4661458333333333 0.2751736111111111 0.011284722222222222 0.043402777777777776
2 0.4878472222222222 0.2734375 0.018229166666666668 0.04600694444444445
1 0.1527777777777778 0.3142361111111111 0.015625 0.046875
2 0.7013888888888888 0.3168402777777778 0.013020833333333334 0.049479166666666664
2 0.3272569444444444 0.3368055555555556 0.014756944444444444 0.051215277777777776
2 0.796875 0.3090277777777778 0.016493055555555556 0.051215277777777776
2 0.3663194444444444 0.3307291666666667 0.014756944444444444 0.050347222222222224
3 0.5173611111111112 0.2092013888888889 0.008680555555555556 0.035590277777777776
2 0.3524305555555556 0.4027777777777778 0.016493055555555556 0.05555555555555555
0 0.19270833333333334 0.5833333333333334 0.006944444444444444 0.013020833333333334