2 0.4982638888888889 0.3064236111111111 0.013888888888888888 0.04513888888888889
2 0.19791666666666666 0.4288194444444444 0.014756944444444444 0.059895833333333336
3 0.2517361111111111 0.2248263888888889 0.012152777777777778 0.043402777777777776
2 0.1987847222222222 0.3776041666666667 0.014756944444444444 0.049479166666666664
2 0.5086805555555556 0.3263888888888889 0.013020833333333334 0.046875
0 0.6215277777777778 0.4244791666666667 0.006076388888888889 0.012152777777777778
2 0.3524305555555556 0.2534722222222222 0.013888888888888888 0.03819444444444445
2 0.6510416666666666 0.24913194444444445 0.008680555555555556 0.04600694444444445
2 0.4539930555555556 0.23697916666666666 0.014756944444444444 0.03993055555555555
2 0.5295138888888888 0.2907986111111111 0.011284722222222222 0.052083333333333336
2 0.6232638888888888 0.2526041666666667 0.009548611111111112 0.04513888888888889
3 0.453125 0.3385416666666667 0.013888888888888888 0.05381944444444445
2 0.2421875 0.2960069444444444 0.013888888888888888 0.052083333333333336
2 0.3472222222222222 0.3038194444444444 0.012152777777777778 0.0546875
2 0.3619791666666667 0.3359375 0.013888888888888888 0.046875
2 0.6623263888888888 0.2699652777777778 0.012152777777777778 0.049479166666666664
2 0.7282986111111112 0.3185763888888889 0.013888888888888888 0.059895833333333336
2 0.3090277777777778 0.3177083333333333 0.014756944444444444 0.0546875
2 0.5963541666666666 0.3324652777777778 0.013888888888888888 0.05295138888888889
2 0.4175347222222222 0.34375 0.017361111111111112 0.05555555555555555
2 0.6996527777777778 0.4392361111111111 0.022569444444444444 0.06944444444444445
2 0.2230902777777778 0.5251736111111112 0.019097222222222224 0.0720486111111111
2 0.4392361111111111 0.2977430555555556 0.014756944444444444 0.052083333333333336