2 0.7994791666666666 0.3845486111111111 0.008680555555555556 0.0390625
2 0.3567708333333333 0.34375 0.006944444444444444 0.03298611111111111
2 0.3880208333333333 0.3767361111111111 0.012152777777777778 0.03993055555555555
2 0.8289930555555556 0.4487847222222222 0.012152777777777778 0.04774305555555555
3 0.5633680555555556 0.4114583333333333 0.009548611111111112 0.04513888888888889
2 0.5026041666666666 0.3871527777777778 0.008680555555555556 0.04079861111111111
2 0.6805555555555556 0.3984375 0.008680555555555556 0.041666666666666664
2 0.8567708333333334 0.5121527777777778 0.014756944444444444 0.06163194444444445
2 0.5425347222222222 0.3637152777777778 0.0078125 0.0390625
2 0.8046875 0.4470486111111111 0.010416666666666666 0.04600694444444445
2 0.4053819444444444 0.4887152777777778 0.012152777777777778 0.049479166666666664
2 0.6458333333333334 0.3654513888888889 0.006944444444444444 0.03819444444444445
2 0.2048611111111111 0.4722222222222222 0.013888888888888888 0.052083333333333336
2 0.8376736111111112 0.5173611111111112 0.018229166666666668 0.059895833333333336
2 0.6032986111111112 0.46875 0.013888888888888888 0.05295138888888889
2 0.4322916666666667 0.4348958333333333 0.008680555555555556 0.04600694444444445
2 0.3159722222222222 0.6345486111111112 0.017361111111111112 0.06770833333333333
2 0.3645833333333333 0.5190972222222222 0.019965277777777776 0.05555555555555555
3 0.9071180555555556 0.7708333333333334 0.028645833333333332 0.09375
2 0.7161458333333334 0.5755208333333334 0.013020833333333334 0.06597222222222222
2 0.6371527777777778 0.5494791666666666 0.008680555555555556 0.06510416666666667
1 0.2013888888888889 0.3828125 0.010416666666666666 0.042534722222222224
0 0.20833333333333334 0.4947916666666667 0.005208333333333333 0.009548611111111112
3 0.4357638888888889 0.296875 0.006944444444444444 0.027777777777777776
2 0.5477430555555556 0.3151041666666667 0.008680555555555556 0.030381944444444444