0 0.2074652777777778 0.5190972222222222 0.006076388888888889 0.011284722222222222
2 0.6467013888888888 0.296875 0.008680555555555556 0.043402777777777776
3 0.2864583333333333 0.2586805555555556 0.011284722222222222 0.035590277777777776
2 0.6423611111111112 0.2578125 0.0078125 0.04079861111111111
2 0.5460069444444444 0.3229166666666667 0.009548611111111112 0.05295138888888889
2 0.7890625 0.4965277777777778 0.009548611111111112 0.07291666666666667
2 0.5520833333333334 0.3342013888888889 0.0078125 0.050347222222222224
2 0.4461805555555556 0.2795138888888889 0.009548611111111112 0.044270833333333336
2 0.6944444444444444 0.3394097222222222 0.008680555555555556 0.05381944444444445
2 0.6302083333333334 0.3619791666666667 0.011284722222222222 0.05381944444444445
2 0.609375 0.3715277777777778 0.012152777777777778 0.058159722222222224
2 0.6684027777777778 0.3628472222222222 0.011284722222222222 0.06163194444444445
2 0.1736111111111111 0.4965277777777778 0.028645833333333332 0.06597222222222222
3 0.5868055555555556 0.4045138888888889 0.012152777777777778 0.06076388888888889
2 0.7569444444444444 0.4418402777777778 0.014756944444444444 0.06684027777777778
2 0.4314236111111111 0.4548611111111111 0.012152777777777778 0.07118055555555555
2 0.3098958333333333 0.3463541666666667 0.013020833333333334 0.05555555555555555
2 0.6267361111111112 0.4557291666666667 0.013888888888888888 0.0642361111111111
2 0.78125 0.5078125 0.013888888888888888 0.07465277777777778
2 0.8046875 0.4296875 0.015625 0.0703125
2 0.5017361111111112 0.4383680555555556 0.013888888888888888 0.07118055555555555
2 0.5442708333333334 0.5399305555555556 0.014756944444444444 0.0859375
2 0.2942708333333333 0.7256944444444444 0.025173611111111112 0.1076388888888889