2 0.6805555555555556 0.3376736111111111 0.011284722222222222 0.03993055555555555
2 0.421875 0.2951388888888889 0.009548611111111112 0.03819444444444445
2 0.6519097222222222 0.3897569444444444 0.014756944444444444 0.052083333333333336
2 0.6545138888888888 0.3098958333333333 0.011284722222222222 0.036458333333333336
2 0.6935763888888888 0.3663194444444444 0.017361111111111112 0.052083333333333336
0 0.2604166666666667 0.5798611111111112 0.006944444444444444 0.012152777777777778
2 0.8151041666666666 0.4123263888888889 0.014756944444444444 0.058159722222222224
2 0.4800347222222222 0.3220486111111111 0.013888888888888888 0.044270833333333336
2 0.53125 0.3385416666666667 0.006944444444444444 0.046875
3 0.5763888888888888 0.3897569444444444 0.009548611111111112 0.052083333333333336
2 0.8064236111111112 0.4409722222222222 0.011284722222222222 0.05642361111111111
2 0.8428819444444444 0.4982638888888889 0.021701388888888888 0.058159722222222224
2 0.6605902777777778 0.4722222222222222 0.012152777777777778 0.059027777777777776
2 0.6111111111111112 0.2595486111111111 0.006944444444444444 0.035590277777777776
2 0.3194444444444444 0.3463541666666667 0.011284722222222222 0.050347222222222224
2 0.5182291666666666 0.4756944444444444 0.014756944444444444 0.0685763888888889
2 0.4670138888888889 0.4887152777777778 0.016493055555555556 0.06163194444444445
1 0.9730902777777778 0.3420138888888889 0.019097222222222224 0.049479166666666664
2 0.16927083333333334 0.5208333333333334 0.019097222222222224 0.06770833333333333
2 0.5399305555555556 0.5538194444444444 0.013888888888888888 0.0798611111111111
2 0.7777777777777778 0.4661458333333333 0.009548611111111112 0.06336805555555555
2 0.4296875 0.6258680555555556 0.019097222222222224 0.08333333333333333
3 0.3038194444444444 0.2534722222222222 0.008680555555555556 0.036458333333333336