3 0.4401041666666667 0.22916666666666666 0.0078125 0.034722222222222224
2 0.8793402777777778 0.3159722222222222 0.010416666666666666 0.03993055555555555
2 0.7552083333333334 0.2612847222222222 0.011284722222222222 0.035590277777777776
2 0.890625 0.3489583333333333 0.013020833333333334 0.05295138888888889
2 0.8967013888888888 0.3203125 0.012152777777777778 0.042534722222222224
2 0.5451388888888888 0.2604166666666667 0.009548611111111112 0.03732638888888889
2 0.7847222222222222 0.2838541666666667 0.014756944444444444 0.041666666666666664
2 0.6840277777777778 0.3151041666666667 0.013888888888888888 0.050347222222222224
2 0.6276041666666666 0.2942708333333333 0.009548611111111112 0.046875
2 0.7413194444444444 0.3420138888888889 0.011284722222222222 0.04774305555555555
2 0.6145833333333334 0.2942708333333333 0.012152777777777778 0.04600694444444445
3 0.7065972222222222 0.3394097222222222 0.012152777777777778 0.050347222222222224
2 0.4661458333333333 0.3342013888888889 0.011284722222222222 0.051215277777777776
2 0.4826388888888889 0.3020833333333333 0.008680555555555556 0.04513888888888889
2 0.8697916666666666 0.4322916666666667 0.013888888888888888 0.06770833333333333
2 0.3697916666666667 0.3029513888888889 0.009548611111111112 0.04600694444444445
2 0.5746527777777778 0.4175347222222222 0.016493055555555556 0.05642361111111111
1 0.09722222222222222 0.3229166666666667 0.013020833333333334 0.052083333333333336
2 0.7126736111111112 0.3958333333333333 0.016493055555555556 0.05642361111111111
2 0.2743055555555556 0.4166666666666667 0.019097222222222224 0.057291666666666664
2 0.8376736111111112 0.4921875 0.027777777777777776 0.0703125
2 0.8003472222222222 0.4592013888888889 0.022569444444444444 0.0685763888888889
2 0.4201388888888889 0.6032986111111112 0.025173611111111112 0.09722222222222222
0 0.28125 0.4435763888888889 0.006076388888888889 0.011284722222222222