2 0.3315972222222222 0.2630208333333333 0.009548611111111112 0.033854166666666664
2 0.5598958333333334 0.2699652777777778 0.009548611111111112 0.035590277777777776
2 0.5520833333333334 0.3133680555555556 0.008680555555555556 0.04079861111111111
2 0.5069444444444444 0.2829861111111111 0.008680555555555556 0.042534722222222224
2 0.5199652777777778 0.3689236111111111 0.010416666666666666 0.041666666666666664
2 0.3038194444444444 0.3298611111111111 0.009548611111111112 0.03993055555555555
2 0.4236111111111111 0.2838541666666667 0.008680555555555556 0.042534722222222224
2 0.4939236111111111 0.3072916666666667 0.012152777777777778 0.046875
2 0.5659722222222222 0.2543402777777778 0.006944444444444444 0.035590277777777776
2 0.6032986111111112 0.2873263888888889 0.008680555555555556 0.03993055555555555
2 0.3810763888888889 0.3871527777777778 0.011284722222222222 0.04513888888888889
2 0.3585069444444444 0.3550347222222222 0.008680555555555556 0.051215277777777776
1 0.9253472222222222 0.3220486111111111 0.013888888888888888 0.049479166666666664
2 0.6388888888888888 0.3168402777777778 0.011284722222222222 0.04513888888888889
2 0.6840277777777778 0.3246527777777778 0.011284722222222222 0.051215277777777776
2 0.5364583333333334 0.4157986111111111 0.008680555555555556 0.059895833333333336
2 0.2560763888888889 0.3333333333333333 0.013888888888888888 0.050347222222222224
2 0.6414930555555556 0.3871527777777778 0.013020833333333334 0.057291666666666664
2 0.7300347222222222 0.4765625 0.015625 0.06510416666666667
2 0.1814236111111111 0.4539930555555556 0.013020833333333334 0.06684027777777778
2 0.875 0.6171875 0.016493055555555556 0.0920138888888889
3 0.9045138888888888 0.6840277777777778 0.022569444444444444 0.09635416666666667
2 0.3984375 0.6024305555555556 0.021701388888888888 0.0876736111111111
0 0.2612847222222222 0.3550347222222222 0.004340277777777778 0.009548611111111112
3 0.28125 0.24131944444444445 0.008680555555555556 0.03819444444444445