2 0.5807291666666666 0.24739583333333334 0.008680555555555556 0.0390625
2 0.7126736111111112 0.3359375 0.016493055555555556 0.051215277777777776
2 0.6571180555555556 0.2899305555555556 0.010416666666666666 0.043402777777777776
2 0.3515625 0.2873263888888889 0.010416666666666666 0.042534722222222224
2 0.3177083333333333 0.359375 0.012152777777777778 0.050347222222222224
3 0.5598958333333334 0.3532986111111111 0.014756944444444444 0.05381944444444445
2 0.4539930555555556 0.3072916666666667 0.011284722222222222 0.049479166666666664
2 0.7361111111111112 0.3663194444444444 0.015625 0.05642361111111111
2 0.7005208333333334 0.3489583333333333 0.015625 0.05555555555555555
2 0.5763888888888888 0.3506944444444444 0.010416666666666666 0.052083333333333336
2 0.4921875 0.3142361111111111 0.017361111111111112 0.046875
2 0.6006944444444444 0.3689236111111111 0.014756944444444444 0.05555555555555555
2 0.6649305555555556 0.4548611111111111 0.029513888888888888 0.052083333333333336
2 0.7526041666666666 0.5234375 0.014756944444444444 0.06944444444444445
2 0.796875 0.4800347222222222 0.016493055555555556 0.0703125
2 0.3307291666666667 0.4210069444444444 0.013888888888888888 0.06163194444444445
2 0.5234375 0.5512152777777778 0.022569444444444444 0.06684027777777778
2 0.2222222222222222 0.3324652777777778 0.014756944444444444 0.0546875
2 0.8307291666666666 0.5425347222222222 0.019965277777777776 0.07291666666666667
2 0.4409722222222222 0.6006944444444444 0.0234375 0.08506944444444445
2 0.13368055555555555 0.515625 0.018229166666666668 0.07465277777777778
3 0.2786458333333333 0.2378472222222222 0.011284722222222222 0.0390625
0 0.4296875 0.6067708333333334 0.009548611111111112 0.017361111111111112