2 0.7847222222222222 0.2977430555555556 0.009548611111111112 0.042534722222222224
3 0.3828125 0.2578125 0.0078125 0.03732638888888889
2 0.7881944444444444 0.3342013888888889 0.009548611111111112 0.04513888888888889
1 0.1501736111111111 0.3559027777777778 0.011284722222222222 0.04774305555555555
2 0.3654513888888889 0.2899305555555556 0.010416666666666666 0.036458333333333336
2 0.7465277777777778 0.3159722222222222 0.009548611111111112 0.041666666666666664
2 0.5425347222222222 0.3107638888888889 0.008680555555555556 0.043402777777777776
2 0.3654513888888889 0.3255208333333333 0.008680555555555556 0.04600694444444445
2 0.5581597222222222 0.3324652777777778 0.012152777777777778 0.046875
2 0.5043402777777778 0.2760416666666667 0.006944444444444444 0.03732638888888889
2 0.5182291666666666 0.2951388888888889 0.009548611111111112 0.041666666666666664
2 0.6493055555555556 0.4131944444444444 0.009548611111111112 0.05295138888888889
2 0.8489583333333334 0.4105902777777778 0.012152777777777778 0.058159722222222224
2 0.8394097222222222 0.3784722222222222 0.012152777777777778 0.059027777777777776
3 0.6197916666666666 0.3689236111111111 0.011284722222222222 0.051215277777777776
2 0.8263888888888888 0.3828125 0.014756944444444444 0.059895833333333336
2 0.6970486111111112 0.3776041666666667 0.012152777777777778 0.05555555555555555
2 0.13368055555555555 0.4375 0.011284722222222222 0.06597222222222222
2 0.4340277777777778 0.359375 0.010416666666666666 0.052083333333333336
2 0.8697916666666666 0.5633680555555556 0.026909722222222224 0.0798611111111111
2 0.4670138888888889 0.4079861111111111 0.010416666666666666 0.059027777777777776
2 0.9123263888888888 0.8177083333333334 0.021701388888888888 0.11458333333333333
3 0.9696180555555556 0.8715277777777778 0.026909722222222224 0.1284722222222222
2 0.3854166666666667 0.6041666666666666 0.019965277777777776 0.0876736111111111
0 0.14930555555555555 0.3923611111111111 0.006076388888888889 0.012152777777777778