2 0.6831597222222222 0.2960069444444444 0.009548611111111112 0.03993055555555555
2 0.6710069444444444 0.3116319444444444 0.015625 0.042534722222222224
3 0.6449652777777778 0.3220486111111111 0.006944444444444444 0.04774305555555555
2 0.7065972222222222 0.3177083333333333 0.013888888888888888 0.043402777777777776
2 0.7699652777777778 0.3515625 0.014756944444444444 0.050347222222222224
2 0.6267361111111112 0.3324652777777778 0.010416666666666666 0.049479166666666664
2 0.5833333333333334 0.2907986111111111 0.013020833333333334 0.043402777777777776
2 0.7204861111111112 0.34375 0.012152777777777778 0.049479166666666664
2 0.3428819444444444 0.3532986111111111 0.009548611111111112 0.052083333333333336
2 0.6623263888888888 0.3628472222222222 0.015625 0.051215277777777776
2 0.4618055555555556 0.2960069444444444 0.0078125 0.041666666666666664
2 0.4921875 0.3394097222222222 0.008680555555555556 0.04774305555555555
2 0.7838541666666666 0.3689236111111111 0.016493055555555556 0.04600694444444445
2 0.6050347222222222 0.4262152777777778 0.014756944444444444 0.059895833333333336
2 0.24131944444444445 0.3932291666666667 0.016493055555555556 0.059027777777777776
2 0.4270833333333333 0.7690972222222222 0.024305555555555556 0.10243055555555555
2 0.2552083333333333 0.4383680555555556 0.013888888888888888 0.06163194444444445
2 0.2907986111111111 0.4644097222222222 0.021701388888888888 0.06336805555555555
2 0.3888888888888889 0.7769097222222222 0.022569444444444444 0.10677083333333333
2 0.6206597222222222 0.5390625 0.026041666666666668 0.07291666666666667
2 0.765625 0.4696180555555556 0.017361111111111112 0.06336805555555555
2 0.8263888888888888 0.390625 0.017361111111111112 0.05381944444444445
3 0.2986111111111111 0.2595486111111111 0.011284722222222222 0.03732638888888889
2 0.6076388888888888 0.2534722222222222 0.009548611111111112 0.03993055555555555
0 0.7170138888888888 0.3619791666666667 0.005208333333333333 0.010416666666666666