2 0.6154513888888888 0.4184027777777778 0.011284722222222222 0.042534722222222224
2 0.5138888888888888 0.3897569444444444 0.009548611111111112 0.04079861111111111
2 0.3064236111111111 0.3845486111111111 0.011284722222222222 0.0390625
2 0.6302083333333334 0.4001736111111111 0.011284722222222222 0.04079861111111111
2 0.7118055555555556 0.3810763888888889 0.006944444444444444 0.043402777777777776
3 0.5034722222222222 0.4088541666666667 0.011284722222222222 0.041666666666666664
1 0.1527777777777778 0.3828125 0.013888888888888888 0.041666666666666664
2 0.4053819444444444 0.4114583333333333 0.011284722222222222 0.042534722222222224
2 0.5954861111111112 0.5138888888888888 0.011284722222222222 0.06076388888888889
2 0.7760416666666666 0.4427083333333333 0.009548611111111112 0.050347222222222224
2 0.22916666666666666 0.4644097222222222 0.009548611111111112 0.050347222222222224
2 0.3151041666666667 0.4262152777777778 0.008680555555555556 0.04774305555555555
2 0.7309027777777778 0.4800347222222222 0.010416666666666666 0.05642361111111111
2 0.7447916666666666 0.4765625 0.011284722222222222 0.05555555555555555
2 0.5451388888888888 0.4574652777777778 0.011284722222222222 0.049479166666666664
2 0.5026041666666666 0.4696180555555556 0.013020833333333334 0.049479166666666664
2 0.5737847222222222 0.7274305555555556 0.020833333333333332 0.07899305555555555
2 0.2282986111111111 0.5138888888888888 0.011284722222222222 0.05555555555555555
3 0.9609375 0.7413194444444444 0.025173611111111112 0.0859375
2 0.7065972222222222 0.5737847222222222 0.017361111111111112 0.06597222222222222
2 0.3454861111111111 0.5373263888888888 0.010416666666666666 0.05381944444444445
2 0.6336805555555556 0.71875 0.017361111111111112 0.0876736111111111
2 0.4782986111111111 0.6180555555555556 0.016493055555555556 0.06770833333333333
2 0.6050347222222222 0.5078125 0.014756944444444444 0.035590277777777776
2 0.5451388888888888 0.3203125 0.009548611111111112 0.03211805555555555
3 0.4105902777777778 0.2994791666666667 0.006076388888888889 0.025173611111111112
0 0.3064236111111111 0.4010416666666667 0.005208333333333333 0.0078125