3 0.3411458333333333 0.2526041666666667 0.010416666666666666 0.046875
2 0.4479166666666667 0.2664930555555556 0.012152777777777778 0.041666666666666664
2 0.8420138888888888 0.3515625 0.008680555555555556 0.059027777777777776
2 0.8107638888888888 0.3237847222222222 0.009548611111111112 0.05295138888888889
2 0.7013888888888888 0.3012152777777778 0.009548611111111112 0.046875
2 0.8394097222222222 0.3142361111111111 0.013888888888888888 0.050347222222222224
2 0.515625 0.3064236111111111 0.008680555555555556 0.051215277777777776
2 0.4739583333333333 0.2829861111111111 0.011284722222222222 0.044270833333333336
2 0.3029513888888889 0.2864583333333333 0.0078125 0.050347222222222224
2 0.8897569444444444 0.5755208333333334 0.019097222222222224 0.09288194444444445
2 0.375 0.3411458333333333 0.014756944444444444 0.058159722222222224
2 0.8498263888888888 0.3984375 0.011284722222222222 0.06684027777777778
2 0.7326388888888888 0.3819444444444444 0.016493055555555556 0.0642361111111111
2 0.5729166666666666 0.3177083333333333 0.010416666666666666 0.052083333333333336
2 0.8246527777777778 0.3524305555555556 0.013020833333333334 0.0685763888888889
1 0.04513888888888889 0.3532986111111111 0.015625 0.06076388888888889
2 0.6579861111111112 0.3949652777777778 0.013888888888888888 0.05555555555555555
2 0.390625 0.3741319444444444 0.013020833333333334 0.06076388888888889
3 0.6744791666666666 0.359375 0.014756944444444444 0.057291666666666664
2 0.3776041666666667 0.40625 0.013020833333333334 0.06684027777777778
2 0.0920138888888889 0.4184027777777778 0.021701388888888888 0.06770833333333333
3 0.9826388888888888 0.9444444444444444 0.029513888888888888 0.109375
2 0.1840277777777778 0.6848958333333334 0.030381944444444444 0.10503472222222222
2 0.8177083333333334 0.7387152777777778 0.024305555555555556 0.11371527777777778
0 0.4305555555555556 0.2847222222222222 0.005208333333333333 0.009548611111111112