2 0.4644097222222222 0.2690972222222222 0.010416666666666666 0.028645833333333332
2 0.6519097222222222 0.2803819444444444 0.0078125 0.036458333333333336
2 0.8081597222222222 0.2960069444444444 0.009548611111111112 0.03993055555555555
2 0.7916666666666666 0.3029513888888889 0.012152777777777778 0.04513888888888889
2 0.5442708333333334 0.2890625 0.011284722222222222 0.043402777777777776
2 0.5078125 0.2864583333333333 0.008680555555555556 0.04079861111111111
2 0.7743055555555556 0.3324652777777778 0.014756944444444444 0.05381944444444445
1 0.08072916666666667 0.3159722222222222 0.009548611111111112 0.050347222222222224
2 0.5711805555555556 0.2803819444444444 0.013888888888888888 0.03732638888888889
3 0.5399305555555556 0.3385416666666667 0.009548611111111112 0.050347222222222224
2 0.8194444444444444 0.3298611111111111 0.013020833333333334 0.05381944444444445
2 0.4574652777777778 0.3003472222222222 0.009548611111111112 0.04774305555555555
2 0.6015625 0.3350694444444444 0.011284722222222222 0.04600694444444445
2 0.3715277777777778 0.2977430555555556 0.011284722222222222 0.042534722222222224
2 0.3203125 0.3012152777777778 0.008680555555555556 0.04513888888888889
2 0.5711805555555556 0.34375 0.013888888888888888 0.05295138888888889
2 0.8489583333333334 0.3880208333333333 0.013888888888888888 0.06163194444444445
2 0.28125 0.3472222222222222 0.014756944444444444 0.050347222222222224
2 0.7309027777777778 0.4375 0.013888888888888888 0.0642361111111111
2 0.2586805555555556 0.4001736111111111 0.018229166666666668 0.05642361111111111
2 0.4861111111111111 0.3489583333333333 0.010416666666666666 0.0546875
3 0.3880208333333333 0.24479166666666666 0.011284722222222222 0.03732638888888889
0 0.4513888888888889 0.2838541666666667 0.004340277777777778 0.008680555555555556
2 0.6553819444444444 0.2777777777777778 0.008680555555555556 0.036458333333333336