2 0.5520833333333334 0.2847222222222222 0.011284722222222222 0.03993055555555555
3 0.5868055555555556 0.3211805555555556 0.013020833333333334 0.04600694444444445
2 0.7439236111111112 0.296875 0.012152777777777778 0.0390625
2 0.6293402777777778 0.2647569444444444 0.011284722222222222 0.03211805555555555
2 0.4340277777777778 0.2751736111111111 0.008680555555555556 0.03993055555555555
2 0.6475694444444444 0.328125 0.008680555555555556 0.03993055555555555
2 0.4652777777777778 0.2560763888888889 0.009548611111111112 0.035590277777777776
2 0.6848958333333334 0.3012152777777778 0.009548611111111112 0.041666666666666664
2 0.4392361111111111 0.3012152777777778 0.013888888888888888 0.03819444444444445
2 0.5008680555555556 0.2725694444444444 0.011284722222222222 0.03732638888888889
2 0.5208333333333334 0.2795138888888889 0.009548611111111112 0.04079861111111111
2 0.7829861111111112 0.3090277777777778 0.015625 0.04774305555555555
1 0.12239583333333333 0.3020833333333333 0.010416666666666666 0.044270833333333336
3 0.9913194444444444 0.8289930555555556 0.017361111111111112 0.09895833333333333
2 0.8151041666666666 0.3133680555555556 0.011284722222222222 0.049479166666666664
2 0.2725694444444444 0.2916666666666667 0.010416666666666666 0.044270833333333336
2 0.8203125 0.3585069444444444 0.012152777777777778 0.051215277777777776
2 0.5182291666666666 0.3532986111111111 0.008680555555555556 0.05295138888888889
2 0.2682291666666667 0.3506944444444444 0.013020833333333334 0.051215277777777776
2 0.5920138888888888 0.3767361111111111 0.013888888888888888 0.057291666666666664
2 0.6501736111111112 0.3975694444444444 0.014756944444444444 0.049479166666666664
2 0.3237847222222222 0.4522569444444444 0.013888888888888888 0.06597222222222222
3 0.3654513888888889 0.2361111111111111 0.009548611111111112 0.036458333333333336
0 0.4340277777777778 0.3168402777777778 0.006076388888888889 0.012152777777777778
2 0.6467013888888888 0.2708333333333333 0.010416666666666666 0.03993055555555555