2 0.8376736111111112 0.4088541666666667 0.018229166666666668 0.0642361111111111
1 0.004340277777777778 0.3333333333333333 0.008680555555555556 0.05555555555555555
2 0.4270833333333333 0.2838541666666667 0.013888888888888888 0.03819444444444445
2 0.8090277777777778 0.4270833333333333 0.019097222222222224 0.06510416666666667
3 0.6024305555555556 0.3776041666666667 0.020833333333333332 0.059027777777777776
2 0.4105902777777778 0.3229166666666667 0.012152777777777778 0.05295138888888889
2 0.8185763888888888 0.4418402777777778 0.020833333333333332 0.06597222222222222
2 0.3880208333333333 0.3498263888888889 0.017361111111111112 0.05555555555555555
2 0.3923611111111111 0.3828125 0.013888888888888888 0.059895833333333336
2 0.6171875 0.3177083333333333 0.011284722222222222 0.0546875
2 0.6961805555555556 0.2925347222222222 0.009548611111111112 0.050347222222222224
2 0.5625 0.40625 0.015625 0.0625
2 0.8203125 0.3420138888888889 0.013888888888888888 0.05381944444444445
2 0.5590277777777778 0.3446180555555556 0.014756944444444444 0.05555555555555555
2 0.18663194444444445 0.3784722222222222 0.012152777777777778 0.06076388888888889
2 0.8324652777777778 0.3541666666666667 0.013888888888888888 0.058159722222222224
2 0.5425347222222222 0.4019097222222222 0.019097222222222224 0.0642361111111111
2 0.4149305555555556 0.3776041666666667 0.019965277777777776 0.05381944444444445
2 0.2300347222222222 0.4331597222222222 0.025173611111111112 0.06163194444444445
2 0.5451388888888888 0.5399305555555556 0.024305555555555556 0.078125
2 0.7213541666666666 0.5104166666666666 0.026041666666666668 0.0720486111111111
2 0.2873263888888889 0.3515625 0.018229166666666668 0.052083333333333336
0 0.4548611111111111 0.3012152777777778 0.005208333333333333 0.010416666666666666
3 0.3967013888888889 0.2230902777777778 0.011284722222222222 0.0390625