2 0.5494791666666666 0.2456597222222222 0.009548611111111112 0.03211805555555555
2 0.6032986111111112 0.2864583333333333 0.0078125 0.0390625
2 0.3472222222222222 0.2873263888888889 0.013020833333333334 0.03993055555555555
2 0.6449652777777778 0.3237847222222222 0.009548611111111112 0.049479166666666664
2 0.3975694444444444 0.3168402777777778 0.012152777777777778 0.046875
2 0.4878472222222222 0.3324652777777778 0.010416666666666666 0.04774305555555555
3 0.5251736111111112 0.359375 0.011284722222222222 0.05295138888888889
0 0.3619791666666667 0.6258680555555556 0.0078125 0.013888888888888888
2 0.7647569444444444 0.4305555555555556 0.020833333333333332 0.05381944444444445
2 0.5147569444444444 0.5225694444444444 0.013888888888888888 0.05555555555555555
2 0.6692708333333334 0.3637152777777778 0.018229166666666668 0.058159722222222224
2 0.2942708333333333 0.4852430555555556 0.017361111111111112 0.06944444444444445
2 0.5755208333333334 0.3880208333333333 0.013888888888888888 0.06163194444444445
2 0.08680555555555555 0.5434027777777778 0.026909722222222224 0.07465277777777778
2 0.2838541666666667 0.4826388888888889 0.013888888888888888 0.0720486111111111
2 0.4618055555555556 0.6684027777777778 0.019097222222222224 0.09895833333333333
2 0.5798611111111112 0.4548611111111111 0.0234375 0.052083333333333336
1 0.9479166666666666 0.3298611111111111 0.016493055555555556 0.051215277777777776
2 0.6006944444444444 0.3914930555555556 0.016493055555555556 0.058159722222222224
2 0.1840277777777778 0.3480902777777778 0.015625 0.0546875
2 0.7508680555555556 0.515625 0.024305555555555556 0.06684027777777778
2 0.7239583333333334 0.5364583333333334 0.019965277777777776 0.08072916666666667
3 0.2309027777777778 0.24479166666666666 0.010416666666666666 0.03993055555555555