2 0.5763888888888888 0.3472222222222222 0.010416666666666666 0.03819444444444445
2 0.4826388888888889 0.3663194444444444 0.009548611111111112 0.033854166666666664
2 0.5998263888888888 0.3654513888888889 0.010416666666666666 0.036458333333333336
2 0.4904513888888889 0.3654513888888889 0.011284722222222222 0.036458333333333336
2 0.6345486111111112 0.3871527777777778 0.012152777777777778 0.035590277777777776
2 0.2630208333333333 0.3784722222222222 0.017361111111111112 0.042534722222222224
2 0.5364583333333334 0.3810763888888889 0.013020833333333334 0.036458333333333336
1 0.035590277777777776 0.4678819444444444 0.011284722222222222 0.052083333333333336
2 0.7387152777777778 0.4045138888888889 0.013888888888888888 0.03732638888888889
2 0.4522569444444444 0.4453125 0.009548611111111112 0.04600694444444445
2 0.5842013888888888 0.4383680555555556 0.012152777777777778 0.043402777777777776
2 0.6883680555555556 0.4192708333333333 0.011284722222222222 0.043402777777777776
2 0.4800347222222222 0.4565972222222222 0.012152777777777778 0.044270833333333336
2 0.3767361111111111 0.5243055555555556 0.008680555555555556 0.05381944444444445
3 0.6527777777777778 0.4340277777777778 0.016493055555555556 0.04513888888888889
2 0.796875 0.4435763888888889 0.011284722222222222 0.046875
2 0.11197916666666667 0.6032986111111112 0.017361111111111112 0.06076388888888889
2 0.6006944444444444 0.609375 0.019965277777777776 0.06163194444444445
2 0.2673611111111111 0.4331597222222222 0.014756944444444444 0.043402777777777776
3 0.8229166666666666 0.8836805555555556 0.024305555555555556 0.0859375
2 0.7508680555555556 0.6362847222222222 0.012152777777777778 0.0642361111111111
2 0.7977430555555556 0.5520833333333334 0.014756944444444444 0.06076388888888889
3 0.3368055555555556 0.3359375 0.010416666666666666 0.034722222222222224
0 0.5833333333333334 0.3845486111111111 0.006944444444444444 0.012152777777777778
2 0.5833333333333334 0.4236111111111111 0.012152777777777778 0.042534722222222224