3 0.4592013888888889 0.3368055555555556 0.0078125 0.033854166666666664
2 0.5 0.4322916666666667 0.012152777777777778 0.042534722222222224
1 0.20052083333333334 0.4730902777777778 0.013888888888888888 0.04513888888888889
2 0.5494791666666666 0.4730902777777778 0.008680555555555556 0.052083333333333336
2 0.5026041666666666 0.4053819444444444 0.010416666666666666 0.041666666666666664
2 0.4513888888888889 0.4826388888888889 0.013020833333333334 0.05642361111111111
3 0.5824652777777778 0.5234375 0.012152777777777778 0.059027777777777776
2 0.5434027777777778 0.4809027777777778 0.009548611111111112 0.05295138888888889
2 0.8463541666666666 0.5633680555555556 0.013020833333333334 0.0798611111111111
2 0.4626736111111111 0.4878472222222222 0.016493055555555556 0.05381944444444445
2 0.3324652777777778 0.4357638888888889 0.011284722222222222 0.05295138888888889
2 0.20225694444444445 0.4973958333333333 0.011284722222222222 0.04774305555555555
2 0.5625 0.3923611111111111 0.013888888888888888 0.04513888888888889
2 0.14583333333333334 0.5529513888888888 0.012152777777777778 0.059027777777777776
2 0.4114583333333333 0.5581597222222222 0.017361111111111112 0.06076388888888889
2 0.4045138888888889 0.6640625 0.017361111111111112 0.06944444444444445
2 0.5894097222222222 0.546875 0.015625 0.06336805555555555
2 0.3767361111111111 0.6649305555555556 0.012152777777777778 0.06597222222222222
2 0.3038194444444444 0.4409722222222222 0.011284722222222222 0.052083333333333336
2 0.9279513888888888 0.5494791666666666 0.019097222222222224 0.06510416666666667
2 0.4270833333333333 0.4982638888888889 0.015625 0.05381944444444445
2 0.7855902777777778 0.4635416666666667 0.017361111111111112 0.050347222222222224
2 0.8715277777777778 0.6223958333333334 0.015625 0.06684027777777778