2 0.6649305555555556 0.5034722222222222 0.008680555555555556 0.035590277777777776
2 0.6666666666666666 0.4817708333333333 0.010416666666666666 0.03298611111111111
2 0.4296875 0.46875 0.006944444444444444 0.028645833333333332
2 0.4869791666666667 0.4635416666666667 0.008680555555555556 0.028645833333333332
2 0.7230902777777778 0.4592013888888889 0.006944444444444444 0.030381944444444444
2 0.5425347222222222 0.5034722222222222 0.006944444444444444 0.03298611111111111
1 0.09722222222222222 0.5373263888888888 0.009548611111111112 0.044270833333333336
2 0.8168402777777778 0.5373263888888888 0.010416666666666666 0.03819444444444445
2 0.7248263888888888 0.5442708333333334 0.013888888888888888 0.035590277777777776
2 0.4079861111111111 0.5364583333333334 0.010416666666666666 0.04079861111111111
3 0.5963541666666666 0.5321180555555556 0.006944444444444444 0.03993055555555555
2 0.6866319444444444 0.5243055555555556 0.0078125 0.03298611111111111
2 0.6510416666666666 0.5234375 0.012152777777777778 0.03819444444444445
2 0.2404513888888889 0.5199652777777778 0.009548611111111112 0.036458333333333336
2 0.4791666666666667 0.6085069444444444 0.008680555555555556 0.04079861111111111
2 0.3489583333333333 0.5572916666666666 0.008680555555555556 0.04079861111111111
1 0.9201388888888888 0.5251736111111112 0.009548611111111112 0.03993055555555555
2 0.3836805555555556 0.5017361111111112 0.008680555555555556 0.033854166666666664
2 0.6840277777777778 0.5920138888888888 0.009548611111111112 0.042534722222222224
2 0.4470486111111111 0.5885416666666666 0.009548611111111112 0.043402777777777776
2 0.3480902777777778 0.6267361111111112 0.008680555555555556 0.04600694444444445
2 0.3645833333333333 0.6996527777777778 0.011284722222222222 0.051215277777777776
2 0.17100694444444445 0.5703125 0.015625 0.042534722222222224
0 0.8116319444444444 0.5529513888888888 0.004340277777777778 0.009548611111111112
3 0.4053819444444444 0.4409722222222222 0.006944444444444444 0.026041666666666668