0 0.3645833333333333 0.4991319444444444 0.008680555555555556 0.013020833333333334
2 0.7907986111111112 0.4739583333333333 0.009548611111111112 0.03211805555555555
2 0.5815972222222222 0.3776041666666667 0.017361111111111112 0.0390625
2 0.6137152777777778 0.3229166666666667 0.013888888888888888 0.03732638888888889
2 0.4973958333333333 0.4331597222222222 0.014756944444444444 0.049479166666666664
2 0.7647569444444444 0.4253472222222222 0.019097222222222224 0.044270833333333336
2 0.5225694444444444 0.3967013888888889 0.011284722222222222 0.043402777777777776
2 0.8116319444444444 0.40625 0.019965277777777776 0.044270833333333336
2 0.7890625 0.5086805555555556 0.013020833333333334 0.06076388888888889
3 0.6319444444444444 0.4800347222222222 0.011284722222222222 0.0546875
2 0.5121527777777778 0.46875 0.011284722222222222 0.05555555555555555
2 0.3211805555555556 0.4045138888888889 0.008680555555555556 0.04774305555555555
2 0.7743055555555556 0.4713541666666667 0.014756944444444444 0.05381944444444445
2 0.4774305555555556 0.4618055555555556 0.013888888888888888 0.05295138888888889
2 0.6128472222222222 0.4730902777777778 0.014756944444444444 0.051215277777777776
2 0.4609375 0.5442708333333334 0.013888888888888888 0.058159722222222224
2 0.6006944444444444 0.5607638888888888 0.012152777777777778 0.0642361111111111
2 0.8038194444444444 0.6527777777777778 0.017361111111111112 0.0685763888888889
2 0.2925347222222222 0.5225694444444444 0.017361111111111112 0.05295138888888889
2 0.4600694444444444 0.5946180555555556 0.014756944444444444 0.06510416666666667
2 0.671875 0.6979166666666666 0.014756944444444444 0.07552083333333333
2 0.359375 0.7743055555555556 0.027777777777777776 0.08333333333333333
3 0.3723958333333333 0.3116319444444444 0.009548611111111112 0.03993055555555555