2 0.4817708333333333 0.4835069444444444 0.011284722222222222 0.03125
2 0.5598958333333334 0.4965277777777778 0.009548611111111112 0.046875
1 0.8211805555555556 0.4270833333333333 0.013888888888888888 0.044270833333333336
2 0.7717013888888888 0.5234375 0.008680555555555556 0.05381944444444445
2 0.6805555555555556 0.4626736111111111 0.008680555555555556 0.04774305555555555
2 0.6857638888888888 0.5321180555555556 0.008680555555555556 0.05381944444444445
2 0.5868055555555556 0.4123263888888889 0.012152777777777778 0.042534722222222224
2 0.4782986111111111 0.5121527777777778 0.021701388888888888 0.05295138888888889
2 0.7638888888888888 0.5572916666666666 0.012152777777777778 0.051215277777777776
2 0.6935763888888888 0.5755208333333334 0.011284722222222222 0.059027777777777776
2 0.5590277777777778 0.4270833333333333 0.012152777777777778 0.04079861111111111
2 0.7256944444444444 0.5607638888888888 0.013020833333333334 0.035590277777777776
2 0.3559027777777778 0.4340277777777778 0.011284722222222222 0.043402777777777776
2 0.5798611111111112 0.5190972222222222 0.011284722222222222 0.04774305555555555
2 0.5694444444444444 0.5269097222222222 0.015625 0.051215277777777776
3 0.6024305555555556 0.5043402777777778 0.014756944444444444 0.051215277777777776
3 0.9366319444444444 0.703125 0.0234375 0.06597222222222222
2 0.4565972222222222 0.5147569444444444 0.012152777777777778 0.052083333333333336
2 0.7230902777777778 0.6467013888888888 0.012152777777777778 0.06336805555555555
2 0.3793402777777778 0.5763888888888888 0.015625 0.06770833333333333
2 0.1605902777777778 0.5243055555555556 0.012152777777777778 0.05555555555555555
2 0.3368055555555556 0.5815972222222222 0.014756944444444444 0.057291666666666664
2 0.5095486111111112 0.6258680555555556 0.020833333333333332 0.059895833333333336
3 0.1467013888888889 0.3480902777777778 0.008680555555555556 0.034722222222222224
0 0.5520833333333334 0.5303819444444444 0.006944444444444444 0.013020833333333334