2 0.6475694444444444 0.4479166666666667 0.008680555555555556 0.03732638888888889
2 0.6657986111111112 0.4149305555555556 0.008680555555555556 0.0390625
2 0.4583333333333333 0.3975694444444444 0.008680555555555556 0.03819444444444445
2 0.6545138888888888 0.4479166666666667 0.008680555555555556 0.043402777777777776
3 0.9348958333333334 0.8697916666666666 0.025173611111111112 0.0876736111111111
2 0.46875 0.4696180555555556 0.013020833333333334 0.04079861111111111
2 0.4730902777777778 0.3993055555555556 0.008680555555555556 0.036458333333333336
2 0.5130208333333334 0.4357638888888889 0.013888888888888888 0.0390625
2 0.7100694444444444 0.421875 0.011284722222222222 0.041666666666666664
2 0.3133680555555556 0.3932291666666667 0.012152777777777778 0.036458333333333336
3 0.5494791666666666 0.4739583333333333 0.008680555555555556 0.04774305555555555
1 0.0798611111111111 0.4157986111111111 0.008680555555555556 0.03732638888888889
2 0.375 0.5338541666666666 0.012152777777777778 0.051215277777777776
2 0.6171875 0.4826388888888889 0.009548611111111112 0.04513888888888889
2 0.2907986111111111 0.4340277777777778 0.008680555555555556 0.03993055555555555
2 0.5381944444444444 0.5078125 0.009548611111111112 0.046875
2 0.7847222222222222 0.4904513888888889 0.013888888888888888 0.050347222222222224
2 0.2942708333333333 0.4982638888888889 0.011284722222222222 0.049479166666666664
2 0.5026041666666666 0.4496527777777778 0.016493055555555556 0.03819444444444445
2 0.6848958333333334 0.6440972222222222 0.010416666666666666 0.05642361111111111
2 0.6545138888888888 0.5755208333333334 0.011284722222222222 0.05295138888888889
2 0.7517361111111112 0.5095486111111112 0.011284722222222222 0.043402777777777776
2 0.7491319444444444 0.7048611111111112 0.015625 0.06510416666666667
3 0.34375 0.3680555555555556 0.010416666666666666 0.03125