2 0.5668402777777778 0.4201388888888889 0.010416666666666666 0.04079861111111111
2 0.5668402777777778 0.4565972222222222 0.012152777777777778 0.04513888888888889
2 0.3671875 0.4973958333333333 0.019965277777777776 0.06163194444444445
2 0.7057291666666666 0.3559027777777778 0.010416666666666666 0.043402777777777776
3 0.4557291666666667 0.5442708333333334 0.020833333333333332 0.06336805555555555
2 0.3524305555555556 0.4678819444444444 0.019097222222222224 0.058159722222222224
2 0.3984375 0.4982638888888889 0.015625 0.058159722222222224
2 0.6145833333333334 0.3862847222222222 0.012152777777777778 0.044270833333333336
2 0.4539930555555556 0.3993055555555556 0.012152777777777778 0.04513888888888889
2 0.8376736111111112 0.4305555555555556 0.013020833333333334 0.052083333333333336
2 0.4157986111111111 0.5069444444444444 0.024305555555555556 0.06163194444444445
2 0.3237847222222222 0.6866319444444444 0.019097222222222224 0.07378472222222222
2 0.5894097222222222 0.4826388888888889 0.013020833333333334 0.05642361111111111
1 0.04079861111111111 0.4453125 0.020833333333333332 0.057291666666666664
2 0.6770833333333334 0.5338541666666666 0.018229166666666668 0.0642361111111111
2 0.3177083333333333 0.5026041666666666 0.019097222222222224 0.057291666666666664
2 0.6180555555555556 0.5911458333333334 0.013020833333333334 0.06770833333333333
2 0.3307291666666667 0.578125 0.025173611111111112 0.06597222222222222
2 0.17447916666666666 0.8142361111111112 0.033854166666666664 0.07899305555555555
3 0.8628472222222222 0.9375 0.034722222222222224 0.10243055555555555
2 0.7430555555555556 0.6475694444444444 0.018229166666666668 0.07899305555555555
2 0.21614583333333334 0.7899305555555556 0.026909722222222224 0.0798611111111111
2 0.14322916666666666 0.671875 0.026909722222222224 0.06944444444444445
3 0.4739583333333333 0.3081597222222222 0.013020833333333334 0.0390625
0 0.21006944444444445 0.8081597222222222 0.006944444444444444 0.015625