0 0.8107638888888888 0.5946180555555556 0.006076388888888889 0.011284722222222222
3 0.9904513888888888 0.7083333333333334 0.019097222222222224 0.06944444444444445
2 0.7795138888888888 0.5668402777777778 0.025173611111111112 0.026909722222222224
1 0.8315972222222222 0.4296875 0.018229166666666668 0.041666666666666664
2 0.6588541666666666 0.4869791666666667 0.013888888888888888 0.04513888888888889
2 0.8368055555555556 0.5833333333333334 0.016493055555555556 0.042534722222222224
2 0.8029513888888888 0.5251736111111112 0.014756944444444444 0.052083333333333336
2 0.7430555555555556 0.5529513888888888 0.013020833333333334 0.04600694444444445
2 0.5269097222222222 0.4678819444444444 0.009548611111111112 0.046875
3 0.5954861111111112 0.5043402777777778 0.0078125 0.050347222222222224
2 0.6631944444444444 0.4201388888888889 0.013020833333333334 0.043402777777777776
2 0.8524305555555556 0.5746527777777778 0.013888888888888888 0.05295138888888889
2 0.3333333333333333 0.4210069444444444 0.012152777777777778 0.042534722222222224
2 0.7170138888888888 0.46875 0.012152777777777778 0.04774305555555555
2 0.6987847222222222 0.5477430555555556 0.012152777777777778 0.049479166666666664
2 0.5581597222222222 0.5381944444444444 0.009548611111111112 0.05642361111111111
2 0.6015625 0.4131944444444444 0.013888888888888888 0.04079861111111111
2 0.6345486111111112 0.6024305555555556 0.010416666666666666 0.06163194444444445
2 0.5807291666666666 0.6545138888888888 0.013020833333333334 0.06684027777777778
2 0.7777777777777778 0.6128472222222222 0.013020833333333334 0.059895833333333336
2 0.4869791666666667 0.5607638888888888 0.011284722222222222 0.06076388888888889
2 0.3559027777777778 0.6423611111111112 0.015625 0.0685763888888889
2 0.3255208333333333 0.6328125 0.018229166666666668 0.06076388888888889
2 0.15625 0.5416666666666666 0.011284722222222222 0.05555555555555555
3 0.1449652777777778 0.3454861111111111 0.008680555555555556 0.036458333333333336