0 0.6449652777777778 0.4982638888888889 0.006076388888888889 0.011284722222222222
3 0.359375 0.3333333333333333 0.011284722222222222 0.03732638888888889
2 0.2786458333333333 0.3958333333333333 0.016493055555555556 0.04513888888888889
2 0.6293402777777778 0.4305555555555556 0.015625 0.04774305555555555
2 0.6197916666666666 0.4557291666666667 0.014756944444444444 0.04600694444444445
2 0.6128472222222222 0.4878472222222222 0.021701388888888888 0.04774305555555555
2 0.8567708333333334 0.4201388888888889 0.021701388888888888 0.04861111111111111
3 0.5364583333333334 0.4505208333333333 0.0234375 0.052083333333333336
2 0.2786458333333333 0.4375 0.013020833333333334 0.04861111111111111
2 0.6362847222222222 0.4505208333333333 0.016493055555555556 0.052083333333333336
2 0.8220486111111112 0.3836805555555556 0.013888888888888888 0.042534722222222224
2 0.07725694444444445 0.4418402777777778 0.014756944444444444 0.051215277777777776
2 0.9045138888888888 0.4765625 0.012152777777777778 0.05642361111111111
2 0.8862847222222222 0.4696180555555556 0.019097222222222224 0.049479166666666664
2 0.3159722222222222 0.4809027777777778 0.013020833333333334 0.05295138888888889
2 0.1875 0.5217013888888888 0.014756944444444444 0.05555555555555555
2 0.2144097222222222 0.4609375 0.011284722222222222 0.05381944444444445
2 0.08506944444444445 0.4991319444444444 0.015625 0.05642361111111111
2 0.2925347222222222 0.4079861111111111 0.016493055555555556 0.049479166666666664
2 0.8229166666666666 0.5677083333333334 0.0234375 0.046875
2 0.3289930555555556 0.4574652777777778 0.015625 0.052083333333333336
2 0.6805555555555556 0.5737847222222222 0.027777777777777776 0.06510416666666667
2 0.4210069444444444 0.4331597222222222 0.017361111111111112 0.04600694444444445