2 0.7517361111111112 0.4930555555555556 0.011284722222222222 0.046875
2 0.6388888888888888 0.3428819444444444 0.014756944444444444 0.03819444444444445
2 0.5251736111111112 0.3628472222222222 0.017361111111111112 0.035590277777777776
3 0.5399305555555556 0.4774305555555556 0.020833333333333332 0.05381944444444445
2 0.4348958333333333 0.4105902777777778 0.014756944444444444 0.044270833333333336
2 0.8368055555555556 0.4105902777777778 0.016493055555555556 0.04774305555555555
2 0.7638888888888888 0.5199652777777778 0.022569444444444444 0.058159722222222224
2 0.4930555555555556 0.4088541666666667 0.018229166666666668 0.041666666666666664
2 0.8706597222222222 0.4670138888888889 0.018229166666666668 0.04513888888888889
2 0.6024305555555556 0.4635416666666667 0.012152777777777778 0.049479166666666664
2 0.4366319444444444 0.4739583333333333 0.019097222222222224 0.049479166666666664
2 0.7795138888888888 0.4678819444444444 0.016493055555555556 0.058159722222222224
2 0.3836805555555556 0.5842013888888888 0.016493055555555556 0.06336805555555555
2 0.5711805555555556 0.5842013888888888 0.016493055555555556 0.06684027777777778
2 0.6727430555555556 0.7178819444444444 0.016493055555555556 0.078125
2 0.3315972222222222 0.6223958333333334 0.021701388888888888 0.06944444444444445
2 0.21006944444444445 0.4409722222222222 0.013888888888888888 0.05381944444444445
2 0.8324652777777778 0.6779513888888888 0.019965277777777776 0.07118055555555555
2 0.3081597222222222 0.4895833333333333 0.0234375 0.05555555555555555
2 0.17100694444444445 0.5451388888888888 0.019965277777777776 0.06163194444444445
2 0.23350694444444445 0.7300347222222222 0.025173611111111112 0.07378472222222222
0 0.4947916666666667 0.3758680555555556 0.004340277777777778 0.009548611111111112
3 0.296875 0.3368055555555556 0.013888888888888888 0.0390625