2 0.6137152777777778 0.4045138888888889 0.011284722222222222 0.050347222222222224
2 0.6336805555555556 0.4609375 0.009548611111111112 0.052083333333333336
2 0.6258680555555556 0.421875 0.010416666666666666 0.046875
2 0.5633680555555556 0.3993055555555556 0.013020833333333334 0.049479166666666664
0 0.5842013888888888 0.6571180555555556 0.006076388888888889 0.011284722222222222
2 0.6527777777777778 0.4210069444444444 0.011284722222222222 0.0546875
2 0.5199652777777778 0.3862847222222222 0.011284722222222222 0.046875
2 0.8064236111111112 0.6232638888888888 0.013888888888888888 0.059027777777777776
2 0.7934027777777778 0.6545138888888888 0.019097222222222224 0.06597222222222222
2 0.7100694444444444 0.4574652777777778 0.011284722222222222 0.052083333333333336
1 0.7899305555555556 0.4201388888888889 0.017361111111111112 0.05381944444444445
2 0.6875 0.4383680555555556 0.011284722222222222 0.051215277777777776
2 0.5859375 0.4756944444444444 0.012152777777777778 0.052083333333333336
2 0.4800347222222222 0.4244791666666667 0.011284722222222222 0.052083333333333336
3 0.5008680555555556 0.4592013888888889 0.010416666666666666 0.05642361111111111
2 0.7126736111111112 0.5251736111111112 0.022569444444444444 0.06510416666666667
2 0.7473958333333334 0.5755208333333334 0.021701388888888888 0.06163194444444445
2 0.3550347222222222 0.4288194444444444 0.011284722222222222 0.05381944444444445
2 0.3576388888888889 0.5347222222222222 0.012152777777777778 0.0642361111111111
2 0.6519097222222222 0.5946180555555556 0.013020833333333334 0.05295138888888889
2 0.18663194444444445 0.4600694444444444 0.016493055555555556 0.059027777777777776
2 0.5564236111111112 0.6362847222222222 0.017361111111111112 0.07465277777777778
2 0.21180555555555555 0.6241319444444444 0.019097222222222224 0.07899305555555555