2 0.3472222222222222 0.4253472222222222 0.010416666666666666 0.036458333333333336
1 0.1657986111111111 0.4496527777777778 0.009548611111111112 0.04600694444444445
2 0.7517361111111112 0.5026041666666666 0.014756944444444444 0.05642361111111111
2 0.3524305555555556 0.4262152777777778 0.011284722222222222 0.03993055555555555
2 0.3211805555555556 0.390625 0.012152777777777778 0.046875
2 0.2456597222222222 0.4383680555555556 0.013888888888888888 0.04513888888888889
2 0.1796875 0.4678819444444444 0.008680555555555556 0.04513888888888889
2 0.3107638888888889 0.4184027777777778 0.012152777777777778 0.04774305555555555
2 0.4730902777777778 0.3888888888888889 0.010416666666666666 0.042534722222222224
2 0.4470486111111111 0.4444444444444444 0.009548611111111112 0.04600694444444445
2 0.7612847222222222 0.4097222222222222 0.012152777777777778 0.04513888888888889
2 0.7517361111111112 0.5234375 0.013888888888888888 0.06163194444444445
2 0.2717013888888889 0.4496527777777778 0.016493055555555556 0.051215277777777776
2 0.1892361111111111 0.4835069444444444 0.013020833333333334 0.05381944444444445
3 0.3862847222222222 0.4748263888888889 0.012152777777777778 0.052083333333333336
2 0.7864583333333334 0.4201388888888889 0.014756944444444444 0.049479166666666664
2 0.4192708333333333 0.5095486111111112 0.012152777777777778 0.057291666666666664
2 0.3133680555555556 0.4956597222222222 0.012152777777777778 0.0546875
2 0.8472222222222222 0.4661458333333333 0.012152777777777778 0.05555555555555555
2 0.6493055555555556 0.6032986111111112 0.018229166666666668 0.06163194444444445
2 0.5069444444444444 0.5963541666666666 0.019965277777777776 0.06597222222222222
0 0.3654513888888889 0.4418402777777778 0.005208333333333333 0.011284722222222222
3 0.4045138888888889 0.3385416666666667 0.008680555555555556 0.03732638888888889