2 0.6371527777777778 0.5173611111111112 0.008680555555555556 0.04774305555555555
3 0.9097222222222222 0.9383680555555556 0.022569444444444444 0.07465277777777778
2 0.5251736111111112 0.4340277777777778 0.009548611111111112 0.0390625
2 0.640625 0.5225694444444444 0.010416666666666666 0.05555555555555555
0 0.9809027777777778 0.3706597222222222 0.008680555555555556 0.013020833333333334
2 0.4027777777777778 0.4557291666666667 0.009548611111111112 0.04513888888888889
2 0.6336805555555556 0.4114583333333333 0.009548611111111112 0.04600694444444445
2 0.390625 0.4427083333333333 0.009548611111111112 0.043402777777777776
2 0.5720486111111112 0.8133680555555556 0.013888888888888888 0.07725694444444445
2 0.5173611111111112 0.4800347222222222 0.009548611111111112 0.04513888888888889
3 0.4418402777777778 0.5651041666666666 0.011284722222222222 0.06163194444444445
2 0.4375 0.5182291666666666 0.011284722222222222 0.05381944444444445
2 0.4696180555555556 0.4947916666666667 0.011284722222222222 0.04774305555555555
2 0.8177083333333334 0.6328125 0.014756944444444444 0.06684027777777778
2 0.3489583333333333 0.484375 0.012152777777777778 0.05381944444444445
2 0.7013888888888888 0.4670138888888889 0.011284722222222222 0.05295138888888889
2 0.2378472222222222 0.6345486111111112 0.012152777777777778 0.06770833333333333
2 0.3767361111111111 0.5677083333333334 0.013020833333333334 0.058159722222222224
2 0.5807291666666666 0.6085069444444444 0.012152777777777778 0.06597222222222222
2 0.5703125 0.6675347222222222 0.016493055555555556 0.06684027777777778
2 0.2942708333333333 0.5512152777777778 0.014756944444444444 0.059027777777777776
2 0.2361111111111111 0.7977430555555556 0.019097222222222224 0.08159722222222222
2 0.4340277777777778 0.7109375 0.014756944444444444 0.06770833333333333
3 0.4045138888888889 0.3767361111111111 0.011284722222222222 0.03993055555555555
0 0.6328125 0.4305555555555556 0.003472222222222222 0.008680555555555556