2 0.4088541666666667 0.3645833333333333 0.008680555555555556 0.033854166666666664
2 0.3680555555555556 0.3619791666666667 0.013020833333333334 0.03819444444444445
2 0.8038194444444444 0.4279513888888889 0.012152777777777778 0.050347222222222224
2 0.3871527777777778 0.390625 0.008680555555555556 0.043402777777777776
2 0.6414930555555556 0.3671875 0.014756944444444444 0.04079861111111111
2 0.8585069444444444 0.4557291666666667 0.012152777777777778 0.051215277777777776
2 0.5850694444444444 0.4522569444444444 0.009548611111111112 0.049479166666666664
2 0.7838541666666666 0.6536458333333334 0.018229166666666668 0.06770833333333333
2 0.7847222222222222 0.4782986111111111 0.011284722222222222 0.058159722222222224
2 0.7065972222222222 0.5017361111111112 0.014756944444444444 0.05295138888888889
3 0.4461805555555556 0.4800347222222222 0.013888888888888888 0.05295138888888889
2 0.7387152777777778 0.5286458333333334 0.016493055555555556 0.06076388888888889
2 0.21875 0.4253472222222222 0.014756944444444444 0.049479166666666664
2 0.23697916666666666 0.5017361111111112 0.022569444444444444 0.058159722222222224
2 0.1796875 0.5789930555555556 0.017361111111111112 0.059895833333333336
2 0.5616319444444444 0.5711805555555556 0.014756944444444444 0.0642361111111111
2 0.3654513888888889 0.4487847222222222 0.016493055555555556 0.052083333333333336
2 0.6805555555555556 0.6675347222222222 0.019965277777777776 0.07465277777777778
2 0.24739583333333334 0.5642361111111112 0.018229166666666668 0.06336805555555555
2 0.1857638888888889 0.5 0.020833333333333332 0.059027777777777776
2 0.3559027777777778 0.5590277777777778 0.019097222222222224 0.06336805555555555
3 0.3142361111111111 0.3368055555555556 0.010416666666666666 0.036458333333333336
0 0.3975694444444444 0.3793402777777778 0.004340277777777778 0.008680555555555556