2 0.5972222222222222 0.4088541666666667 0.009548611111111112 0.03819444444444445
2 0.8203125 0.5928819444444444 0.015625 0.03211805555555555
2 0.5911458333333334 0.4279513888888889 0.012152777777777778 0.03819444444444445
2 0.3489583333333333 0.3984375 0.009548611111111112 0.0390625
3 0.5546875 0.5052083333333334 0.012152777777777778 0.046875
2 0.5373263888888888 0.4852430555555556 0.013888888888888888 0.044270833333333336
2 0.3819444444444444 0.5234375 0.016493055555555556 0.050347222222222224
2 0.3385416666666667 0.4435763888888889 0.010416666666666666 0.0390625
1 0.9270833333333334 0.4427083333333333 0.012152777777777778 0.04774305555555555
2 0.7543402777777778 0.5190972222222222 0.012152777777777778 0.051215277777777776
2 0.6701388888888888 0.4470486111111111 0.011284722222222222 0.04600694444444445
2 0.5677083333333334 0.5269097222222222 0.009548611111111112 0.05295138888888889
2 0.22395833333333334 0.4878472222222222 0.013888888888888888 0.044270833333333336
2 0.6336805555555556 0.5112847222222222 0.008680555555555556 0.051215277777777776
2 0.6831597222222222 0.5555555555555556 0.008680555555555556 0.05555555555555555
2 0.5147569444444444 0.4956597222222222 0.019965277777777776 0.052083333333333336
2 0.1996527777777778 0.4539930555555556 0.011284722222222222 0.046875
2 0.4418402777777778 0.4713541666666667 0.013888888888888888 0.046875
2 0.6979166666666666 0.5807291666666666 0.012152777777777778 0.05555555555555555
2 0.4019097222222222 0.5685763888888888 0.014756944444444444 0.059027777777777776
3 0.9800347222222222 0.7604166666666666 0.03732638888888889 0.0798611111111111
2 0.24479166666666666 0.5503472222222222 0.022569444444444444 0.05555555555555555
2 0.8029513888888888 0.5954861111111112 0.011284722222222222 0.058159722222222224
3 0.21875 0.3489583333333333 0.009548611111111112 0.033854166666666664