2 0.4635416666666667 0.4392361111111111 0.019097222222222224 0.04079861111111111
2 0.5425347222222222 0.5026041666666666 0.015625 0.05642361111111111
3 0.6059027777777778 0.5277777777777778 0.019965277777777776 0.05381944444444445
2 0.3697916666666667 0.4991319444444444 0.013888888888888888 0.052083333333333336
2 0.5729166666666666 0.3949652777777778 0.012152777777777778 0.043402777777777776
2 0.5269097222222222 0.4583333333333333 0.011284722222222222 0.050347222222222224
2 0.4565972222222222 0.46875 0.013020833333333334 0.04774305555555555
1 0.1640625 0.4696180555555556 0.026909722222222224 0.04513888888888889
2 0.5642361111111112 0.4253472222222222 0.009548611111111112 0.05295138888888889
2 0.5928819444444444 0.5130208333333334 0.016493055555555556 0.058159722222222224
2 0.4253472222222222 0.4817708333333333 0.026909722222222224 0.05381944444444445
2 0.6692708333333334 0.4201388888888889 0.011284722222222222 0.04774305555555555
2 0.3697916666666667 0.5321180555555556 0.019097222222222224 0.0546875
2 0.4809027777777778 0.4956597222222222 0.016493055555555556 0.058159722222222224
2 0.3055555555555556 0.5894097222222222 0.016493055555555556 0.06163194444444445
2 0.8732638888888888 0.5390625 0.014756944444444444 0.0642361111111111
2 0.8038194444444444 0.5833333333333334 0.013020833333333334 0.0703125
2 0.5234375 0.5564236111111112 0.013888888888888888 0.0642361111111111
2 0.65625 0.5277777777777778 0.017361111111111112 0.06076388888888889
2 0.296875 0.6362847222222222 0.015625 0.0703125
2 0.7178819444444444 0.625 0.014756944444444444 0.0720486111111111
2 0.5355902777777778 0.4913194444444444 0.011284722222222222 0.059895833333333336
3 0.5850694444444444 0.3541666666666667 0.015625 0.036458333333333336
0 0.4262152777777778 0.4201388888888889 0.006944444444444444 0.013020833333333334