0 0.4348958333333333 0.5425347222222222 0.005208333333333333 0.011284722222222222
3 0.4097222222222222 0.3220486111111111 0.0078125 0.03211805555555555
2 0.7803819444444444 0.4869791666666667 0.025173611111111112 0.05555555555555555
2 0.6675347222222222 0.4661458333333333 0.017361111111111112 0.028645833333333332
2 0.4079861111111111 0.4904513888888889 0.012152777777777778 0.0546875
2 0.4001736111111111 0.5190972222222222 0.016493055555555556 0.050347222222222224
2 0.7838541666666666 0.4444444444444444 0.016493055555555556 0.04600694444444445
2 0.4019097222222222 0.4322916666666667 0.013888888888888888 0.04600694444444445
2 0.3802083333333333 0.375 0.017361111111111112 0.03732638888888889
2 0.7239583333333334 0.4348958333333333 0.012152777777777778 0.04774305555555555
2 0.859375 0.3793402777777778 0.011284722222222222 0.044270833333333336
2 0.5642361111111112 0.4270833333333333 0.013020833333333334 0.04600694444444445
3 0.6197916666666666 0.4539930555555556 0.013888888888888888 0.04600694444444445
2 0.23524305555555555 0.4878472222222222 0.024305555555555556 0.05381944444444445
2 0.9496527777777778 0.4713541666666667 0.014756944444444444 0.05295138888888889
1 0.011284722222222222 0.4487847222222222 0.012152777777777778 0.051215277777777776
2 0.3454861111111111 0.4114583333333333 0.009548611111111112 0.04774305555555555
2 0.9626736111111112 0.4973958333333333 0.021701388888888888 0.057291666666666664
2 0.8993055555555556 0.4175347222222222 0.012152777777777778 0.049479166666666664
2 0.6605902777777778 0.5581597222222222 0.017361111111111112 0.05381944444444445
2 0.16145833333333334 0.4401041666666667 0.012152777777777778 0.050347222222222224
2 0.7326388888888888 0.5659722222222222 0.016493055555555556 0.059027777777777776
2 0.2795138888888889 0.4748263888888889 0.010416666666666666 0.0546875
2 0.4730902777777778 0.4765625 0.016493055555555556 0.0546875