2 0.7022569444444444 0.4539930555555556 0.009548611111111112 0.050347222222222224
2 0.7022569444444444 0.4036458333333333 0.014756944444444444 0.052083333333333336
1 0.7543402777777778 0.4149305555555556 0.013888888888888888 0.050347222222222224
2 0.6840277777777778 0.3975694444444444 0.014756944444444444 0.052083333333333336
0 0.7543402777777778 0.640625 0.006944444444444444 0.011284722222222222
2 0.7092013888888888 0.4696180555555556 0.012152777777777778 0.059027777777777776
2 0.5694444444444444 0.4661458333333333 0.012152777777777778 0.052083333333333336
2 0.8949652777777778 0.53125 0.014756944444444444 0.052083333333333336
2 0.6631944444444444 0.4427083333333333 0.011284722222222222 0.052083333333333336
2 0.8046875 0.5190972222222222 0.012152777777777778 0.058159722222222224
2 0.7413194444444444 0.5746527777777778 0.015625 0.057291666666666664
2 0.7855902777777778 0.4644097222222222 0.012152777777777778 0.05555555555555555
2 0.5954861111111112 0.4348958333333333 0.013888888888888888 0.050347222222222224
2 0.5789930555555556 0.4140625 0.012152777777777778 0.050347222222222224
2 0.8706597222222222 0.5251736111111112 0.013888888888888888 0.05642361111111111
3 0.4982638888888889 0.4782986111111111 0.011284722222222222 0.05642361111111111
2 0.5772569444444444 0.5112847222222222 0.013888888888888888 0.052083333333333336
2 0.3663194444444444 0.4348958333333333 0.014756944444444444 0.05295138888888889
2 0.734375 0.6119791666666666 0.025173611111111112 0.05555555555555555
2 0.6753472222222222 0.6267361111111112 0.019965277777777776 0.06076388888888889
2 0.14756944444444445 0.5104166666666666 0.014756944444444444 0.05555555555555555
2 0.1875 0.6050347222222222 0.017361111111111112 0.06336805555555555
2 0.2361111111111111 0.5859375 0.014756944444444444 0.059027777777777776