2 0.6388888888888888 0.4253472222222222 0.013020833333333334 0.03993055555555555
2 0.5668402777777778 0.3654513888888889 0.006944444444444444 0.029513888888888888
2 0.7282986111111112 0.40625 0.011284722222222222 0.033854166666666664
2 0.6493055555555556 0.4461805555555556 0.009548611111111112 0.041666666666666664
2 0.4809027777777778 0.3663194444444444 0.006944444444444444 0.03125
2 0.7013888888888888 0.3723958333333333 0.009548611111111112 0.028645833333333332
2 0.4739583333333333 0.3871527777777778 0.013020833333333334 0.029513888888888888
2 0.6024305555555556 0.3715277777777778 0.013888888888888888 0.029513888888888888
3 0.9131944444444444 0.8993055555555556 0.021701388888888888 0.09722222222222222
2 0.2951388888888889 0.3940972222222222 0.0078125 0.03993055555555555
2 0.4921875 0.3767361111111111 0.008680555555555556 0.03819444444444445
2 0.4921875 0.4479166666666667 0.012152777777777778 0.036458333333333336
2 0.7204861111111112 0.6102430555555556 0.024305555555555556 0.0625
2 0.8064236111111112 0.4262152777777778 0.011284722222222222 0.0390625
2 0.3723958333333333 0.5234375 0.013020833333333334 0.0546875
2 0.4097222222222222 0.4435763888888889 0.011284722222222222 0.04513888888888889
2 0.19791666666666666 0.5572916666666666 0.019097222222222224 0.052083333333333336
2 0.3020833333333333 0.4340277777777778 0.013888888888888888 0.04079861111111111
2 0.8055555555555556 0.5269097222222222 0.022569444444444444 0.052083333333333336
0 0.7421875 0.4027777777777778 0.004340277777777778 0.008680555555555556
2 0.734375 0.3854166666666667 0.013888888888888888 0.0390625
3 0.6449652777777778 0.4279513888888889 0.017361111111111112 0.03732638888888889
3 0.3637152777777778 0.3454861111111111 0.009548611111111112 0.03819444444444445