0 0.8550347222222222 0.5451388888888888 0.005208333333333333 0.010416666666666666
2 0.8845486111111112 0.5494791666666666 0.015625 0.03125
2 0.8828125 0.5815972222222222 0.016493055555555556 0.05381944444444445
1 0.8645833333333334 0.3871527777777778 0.013020833333333334 0.046875
3 0.9852430555555556 0.6675347222222222 0.0234375 0.0703125
2 0.8854166666666666 0.6041666666666666 0.012152777777777778 0.059895833333333336
2 0.5833333333333334 0.3715277777777778 0.012152777777777778 0.041666666666666664
2 0.3255208333333333 0.3767361111111111 0.009548611111111112 0.042534722222222224
2 0.6545138888888888 0.3914930555555556 0.009548611111111112 0.04774305555555555
2 0.6284722222222222 0.4392361111111111 0.010416666666666666 0.046875
2 0.4470486111111111 0.4348958333333333 0.009548611111111112 0.049479166666666664
2 0.7378472222222222 0.5407986111111112 0.009548611111111112 0.059027777777777776
2 0.8055555555555556 0.6085069444444444 0.014756944444444444 0.0642361111111111
3 0.5607638888888888 0.4878472222222222 0.014756944444444444 0.05295138888888889
2 0.5442708333333334 0.5460069444444444 0.011284722222222222 0.059895833333333336
2 0.6796875 0.5859375 0.013888888888888888 0.06770833333333333
2 0.8368055555555556 0.6050347222222222 0.013888888888888888 0.06163194444444445
2 0.7291666666666666 0.4401041666666667 0.016493055555555556 0.050347222222222224
2 0.3914930555555556 0.6423611111111112 0.015625 0.07378472222222222
2 0.6449652777777778 0.6805555555555556 0.015625 0.07552083333333333
2 0.6649305555555556 0.6006944444444444 0.013888888888888888 0.0642361111111111
2 0.28125 0.6675347222222222 0.020833333333333332 0.07378472222222222
2 0.4652777777777778 0.5755208333333334 0.012152777777777778 0.06076388888888889
2 0.1701388888888889 0.5269097222222222 0.017361111111111112 0.06076388888888889
3 0.1857638888888889 0.2994791666666667 0.0078125 0.03732638888888889