2 0.6215277777777778 0.5460069444444444 0.017361111111111112 0.049479166666666664
2 0.6180555555555556 0.5720486111111112 0.016493055555555556 0.06076388888888889
1 0.8611111111111112 0.4262152777777778 0.013888888888888888 0.05642361111111111
2 0.6189236111111112 0.3975694444444444 0.014756944444444444 0.05642361111111111
2 0.6536458333333334 0.4470486111111111 0.008680555555555556 0.052083333333333336
2 0.5963541666666666 0.5564236111111112 0.0234375 0.059027777777777776
2 0.6163194444444444 0.484375 0.012152777777777778 0.057291666666666664
2 0.6840277777777778 0.4366319444444444 0.012152777777777778 0.057291666666666664
2 0.4548611111111111 0.4835069444444444 0.011284722222222222 0.05555555555555555
2 0.5138888888888888 0.5451388888888888 0.010416666666666666 0.06163194444444445
3 0.4869791666666667 0.5190972222222222 0.013020833333333334 0.06076388888888889
2 0.6605902777777778 0.5147569444444444 0.016493055555555556 0.06163194444444445
2 0.765625 0.5130208333333334 0.013888888888888888 0.06336805555555555
2 0.3046875 0.4583333333333333 0.009548611111111112 0.057291666666666664
2 0.7361111111111112 0.5651041666666666 0.017361111111111112 0.059895833333333336
2 0.5607638888888888 0.4244791666666667 0.013020833333333334 0.051215277777777776
2 0.09027777777777778 0.6753472222222222 0.019965277777777776 0.0859375
2 0.0876736111111111 0.7135416666666666 0.022569444444444444 0.07899305555555555
2 0.1171875 0.6076388888888888 0.013888888888888888 0.07291666666666667
2 0.6579861111111112 0.6015625 0.019965277777777776 0.06597222222222222
2 0.3637152777777778 0.6145833333333334 0.016493055555555556 0.07378472222222222
2 0.5980902777777778 0.6293402777777778 0.019965277777777776 0.07118055555555555
3 0.06944444444444445 0.3315972222222222 0.014756944444444444 0.044270833333333336
0 0.5894097222222222 0.5824652777777778 0.006944444444444444 0.013888888888888888