2 0.3576388888888889 0.4383680555555556 0.011284722222222222 0.03993055555555555
3 0.4652777777777778 0.4878472222222222 0.019097222222222224 0.049479166666666664
3 0.4418402777777778 0.3619791666666667 0.009548611111111112 0.034722222222222224
2 0.5581597222222222 0.4279513888888889 0.009548611111111112 0.033854166666666664
2 0.8307291666666666 0.5130208333333334 0.025173611111111112 0.04774305555555555
2 0.4279513888888889 0.4470486111111111 0.009548611111111112 0.043402777777777776
2 0.3741319444444444 0.4184027777777778 0.009548611111111112 0.043402777777777776
2 0.3506944444444444 0.4661458333333333 0.016493055555555556 0.052083333333333336
2 0.7838541666666666 0.4201388888888889 0.011284722222222222 0.05642361111111111
2 0.3246527777777778 0.4565972222222222 0.013888888888888888 0.05295138888888889
2 0.1892361111111111 0.4496527777777778 0.011284722222222222 0.04600694444444445
2 0.8932291666666666 0.4678819444444444 0.013888888888888888 0.046875
2 0.5269097222222222 0.4279513888888889 0.014756944444444444 0.033854166666666664
2 0.3559027777777778 0.5078125 0.013020833333333334 0.051215277777777776
2 0.7725694444444444 0.4279513888888889 0.018229166666666668 0.043402777777777776
2 0.23524305555555555 0.5008680555555556 0.012152777777777778 0.046875
2 0.4791666666666667 0.5104166666666666 0.019965277777777776 0.04600694444444445
2 0.2144097222222222 0.5147569444444444 0.012152777777777778 0.05642361111111111
2 0.5390625 0.59375 0.016493055555555556 0.057291666666666664
2 0.734375 0.6128472222222222 0.022569444444444444 0.05555555555555555
0 0.5642361111111112 0.4496527777777778 0.005208333333333333 0.009548611111111112
1 0.1388888888888889 0.4722222222222222 0.019097222222222224 0.057291666666666664
2 0.8324652777777778 0.5 0.017361111111111112 0.049479166666666664