0 0.8107638888888888 0.5460069444444444 0.005208333333333333 0.011284722222222222
2 0.6163194444444444 0.4001736111111111 0.006944444444444444 0.03211805555555555
2 0.5425347222222222 0.4357638888888889 0.008680555555555556 0.033854166666666664
2 0.453125 0.4409722222222222 0.009548611111111112 0.03819444444444445
2 0.5590277777777778 0.6519097222222222 0.013020833333333334 0.04774305555555555
3 0.4661458333333333 0.5 0.006944444444444444 0.043402777777777776
2 0.2725694444444444 0.4696180555555556 0.013020833333333334 0.0390625
2 0.7560763888888888 0.4635416666666667 0.011284722222222222 0.041666666666666664
1 0.9652777777777778 0.4991319444444444 0.008680555555555556 0.046875
2 0.3810763888888889 0.4383680555555556 0.008680555555555556 0.03732638888888889
2 0.5763888888888888 0.46875 0.006944444444444444 0.0390625
2 0.18055555555555555 0.53125 0.013888888888888888 0.04600694444444445
2 0.7986111111111112 0.5095486111111112 0.013888888888888888 0.04513888888888889
2 0.3194444444444444 0.4748263888888889 0.009548611111111112 0.041666666666666664
2 0.6987847222222222 0.5677083333333334 0.019965277777777776 0.03993055555555555
2 0.6892361111111112 0.5078125 0.009548611111111112 0.044270833333333336
2 0.2378472222222222 0.7760416666666666 0.015625 0.0685763888888889
2 0.2630208333333333 0.6232638888888888 0.012152777777777778 0.05381944444444445
2 0.6519097222222222 0.515625 0.009548611111111112 0.044270833333333336
2 0.4461805555555556 0.5876736111111112 0.009548611111111112 0.050347222222222224
2 0.8541666666666666 0.5616319444444444 0.009548611111111112 0.050347222222222224
2 0.375 0.5138888888888888 0.013888888888888888 0.04600694444444445
2 0.2803819444444444 0.5416666666666666 0.006944444444444444 0.050347222222222224
3 0.3420138888888889 0.3888888888888889 0.008680555555555556 0.034722222222222224