1 0.9965277777777778 0.5034722222222222 0.006944444444444444 0.03732638888888889
2 0.5928819444444444 0.3923611111111111 0.009548611111111112 0.03298611111111111
2 0.375 0.4618055555555556 0.0078125 0.042534722222222224
2 0.4618055555555556 0.4913194444444444 0.012152777777777778 0.043402777777777776
2 0.4053819444444444 0.5355902777777778 0.010416666666666666 0.049479166666666664
2 0.6883680555555556 0.4548611111111111 0.010416666666666666 0.04079861111111111
2 0.4600694444444444 0.4340277777777778 0.008680555555555556 0.03732638888888889
2 0.3307291666666667 0.484375 0.013020833333333334 0.044270833333333336
2 0.3645833333333333 0.4418402777777778 0.0078125 0.03819444444444445
2 0.3498263888888889 0.7795138888888888 0.021701388888888888 0.06684027777777778
2 0.4791666666666667 0.4878472222222222 0.0078125 0.043402777777777776
3 0.4375 0.5894097222222222 0.013888888888888888 0.05555555555555555
3 0.96875 0.8203125 0.0234375 0.07552083333333333
2 0.6293402777777778 0.5572916666666666 0.011284722222222222 0.04513888888888889
2 0.8472222222222222 0.6197916666666666 0.014756944444444444 0.058159722222222224
2 0.3506944444444444 0.546875 0.014756944444444444 0.052083333333333336
2 0.6223958333333334 0.5859375 0.011284722222222222 0.051215277777777776
2 0.4574652777777778 0.6449652777777778 0.013888888888888888 0.06076388888888889
2 0.2942708333333333 0.5581597222222222 0.012152777777777778 0.051215277777777776
2 0.5486111111111112 0.7708333333333334 0.013888888888888888 0.06770833333333333
2 0.2873263888888889 0.6822916666666666 0.014756944444444444 0.06076388888888889
2 0.5182291666666666 0.6423611111111112 0.012152777777777778 0.059027777777777776
2 0.4904513888888889 0.7369791666666666 0.014756944444444444 0.07118055555555555
3 0.3854166666666667 0.3680555555555556 0.008680555555555556 0.03211805555555555
0 0.6258680555555556 0.5668402777777778 0.006076388888888889 0.010416666666666666