0 0.453125 0.5520833333333334 0.006076388888888889 0.010416666666666666
2 0.6579861111111112 0.4930555555555556 0.013888888888888888 0.043402777777777776
2 0.4635416666666667 0.453125 0.011284722222222222 0.0390625
2 0.5173611111111112 0.4704861111111111 0.009548611111111112 0.043402777777777776
2 0.78125 0.5121527777777778 0.011284722222222222 0.05381944444444445
2 0.4921875 0.46875 0.013888888888888888 0.041666666666666664
1 0.8802083333333334 0.4279513888888889 0.013888888888888888 0.043402777777777776
2 0.5815972222222222 0.4045138888888889 0.012152777777777778 0.044270833333333336
2 0.6840277777777778 0.5486111111111112 0.011284722222222222 0.0546875
2 0.3993055555555556 0.4131944444444444 0.012152777777777778 0.0390625
2 0.7690972222222222 0.5572916666666666 0.011284722222222222 0.05381944444444445
2 0.7447916666666666 0.5737847222222222 0.013888888888888888 0.03819444444444445
2 0.5503472222222222 0.4279513888888889 0.010416666666666666 0.042534722222222224
3 0.5859375 0.5043402777777778 0.017361111111111112 0.051215277777777776
2 0.4461805555555556 0.5173611111111112 0.013020833333333334 0.04600694444444445
2 0.6822916666666666 0.4496527777777778 0.011284722222222222 0.04774305555555555
3 0.9592013888888888 0.7204861111111112 0.021701388888888888 0.07378472222222222
2 0.5711805555555556 0.4730902777777778 0.013888888888888888 0.04774305555555555
2 0.5225694444444444 0.5095486111111112 0.013888888888888888 0.04774305555555555
2 0.3559027777777778 0.5121527777777778 0.019965277777777776 0.049479166666666664
2 0.7300347222222222 0.5980902777777778 0.016493055555555556 0.059027777777777776
2 0.3098958333333333 0.5355902777777778 0.013020833333333334 0.05295138888888889
2 0.2586805555555556 0.4852430555555556 0.019097222222222224 0.049479166666666664
2 0.4175347222222222 0.5755208333333334 0.020833333333333332 0.057291666666666664
3 0.20225694444444445 0.3420138888888889 0.009548611111111112 0.036458333333333336