2 0.9956597222222222 0.4982638888888889 0.008680555555555556 0.04774305555555555
2 0.5321180555555556 0.6475694444444444 0.017361111111111112 0.046875
2 0.5885416666666666 0.3862847222222222 0.009548611111111112 0.033854166666666664
3 0.4505208333333333 0.5451388888888888 0.011284722222222222 0.04774305555555555
2 0.3463541666666667 0.4548611111111111 0.009548611111111112 0.0390625
2 0.7256944444444444 0.5512152777777778 0.024305555555555556 0.046875
2 0.4661458333333333 0.4279513888888889 0.009548611111111112 0.036458333333333336
2 0.4756944444444444 0.4809027777777778 0.011284722222222222 0.042534722222222224
2 0.5364583333333334 0.4748263888888889 0.010416666666666666 0.03993055555555555
2 0.7213541666666666 0.4461805555555556 0.011284722222222222 0.042534722222222224
2 0.5199652777777778 0.6675347222222222 0.019965277777777776 0.0546875
2 0.3637152777777778 0.7873263888888888 0.016493055555555556 0.07118055555555555
2 0.8246527777777778 0.5703125 0.015625 0.05295138888888889
2 0.3211805555555556 0.4774305555555556 0.012152777777777778 0.044270833333333336
2 0.5503472222222222 0.7743055555555556 0.021701388888888888 0.0685763888888889
3 0.9791666666666666 0.8107638888888888 0.025173611111111112 0.07291666666666667
2 0.3932291666666667 0.5303819444444444 0.012152777777777778 0.049479166666666664
2 0.7126736111111112 0.6380208333333334 0.016493055555555556 0.05555555555555555
2 0.3142361111111111 0.5286458333333334 0.011284722222222222 0.052083333333333336
2 0.2552083333333333 0.5520833333333334 0.012152777777777778 0.051215277777777776
2 0.2769097222222222 0.7265625 0.019097222222222224 0.0642361111111111
2 0.4791666666666667 0.7378472222222222 0.021701388888888888 0.059895833333333336
0 0.5486111111111112 0.7942708333333334 0.006944444444444444 0.013888888888888888
3 0.3454861111111111 0.3689236111111111 0.008680555555555556 0.03211805555555555
2 0.3454861111111111 0.4348958333333333 0.0078125 0.035590277777777776