2 0.6085069444444444 0.6605902777777778 0.016493055555555556 0.022569444444444444
2 0.4557291666666667 0.4409722222222222 0.006944444444444444 0.03993055555555555
2 0.3880208333333333 0.3993055555555556 0.008680555555555556 0.025173611111111112
2 0.4496527777777778 0.4357638888888889 0.006944444444444444 0.027777777777777776
2 0.6024305555555556 0.6614583333333334 0.017361111111111112 0.025173611111111112
3 0.3446180555555556 0.3888888888888889 0.006944444444444444 0.033854166666666664
3 0.8177083333333334 0.8914930555555556 0.013888888888888888 0.06944444444444445
2 0.3940972222222222 0.4027777777777778 0.0078125 0.03125
2 0.4600694444444444 0.421875 0.012152777777777778 0.036458333333333336
2 0.5763888888888888 0.4123263888888889 0.011284722222222222 0.030381944444444444
2 0.5928819444444444 0.4175347222222222 0.012152777777777778 0.030381944444444444
2 0.3802083333333333 0.4487847222222222 0.012152777777777778 0.0390625
3 0.4696180555555556 0.4782986111111111 0.008680555555555556 0.043402777777777776
2 0.5989583333333334 0.6996527777777778 0.016493055555555556 0.0642361111111111
1 0.008680555555555556 0.4904513888888889 0.009548611111111112 0.044270833333333336
2 0.7109375 0.4600694444444444 0.009548611111111112 0.044270833333333336
2 0.2751736111111111 0.4262152777777778 0.011284722222222222 0.03732638888888889
2 0.4791666666666667 0.4427083333333333 0.008680555555555556 0.03819444444444445
2 0.2673611111111111 0.4930555555555556 0.009548611111111112 0.04513888888888889
2 0.5798611111111112 0.4939236111111111 0.009548611111111112 0.044270833333333336
2 0.5642361111111112 0.5833333333333334 0.016493055555555556 0.050347222222222224
2 0.7465277777777778 0.5043402777777778 0.011284722222222222 0.04600694444444445
2 0.4513888888888889 0.5095486111111112 0.012152777777777778 0.04513888888888889
2 0.7647569444444444 0.5043402777777778 0.013020833333333334 0.046875
2 0.28125 0.5295138888888888 0.012152777777777778 0.046875