2 0.6119791666666666 0.4131944444444444 0.013020833333333334 0.043402777777777776
2 0.5512152777777778 0.4296875 0.015625 0.044270833333333336
2 0.5616319444444444 0.40625 0.015625 0.04079861111111111
2 0.5538194444444444 0.3880208333333333 0.011284722222222222 0.04079861111111111
1 0.15104166666666666 0.4565972222222222 0.011284722222222222 0.05642361111111111
2 0.3715277777777778 0.4696180555555556 0.019097222222222224 0.05295138888888889
2 0.4982638888888889 0.4071180555555556 0.011284722222222222 0.04600694444444445
3 0.8784722222222222 0.9704861111111112 0.021701388888888888 0.059027777777777776
2 0.6223958333333334 0.4105902777777778 0.011284722222222222 0.049479166666666664
2 0.8133680555555556 0.4921875 0.021701388888888888 0.05295138888888889
2 0.4652777777777778 0.4739583333333333 0.013020833333333334 0.04774305555555555
2 0.5633680555555556 0.5989583333333334 0.016493055555555556 0.0642361111111111
2 0.7734375 0.5885416666666666 0.013020833333333334 0.06944444444444445
2 0.2855902777777778 0.5729166666666666 0.011284722222222222 0.059027777777777776
2 0.3376736111111111 0.5060763888888888 0.011284722222222222 0.05555555555555555
2 0.9045138888888888 0.5381944444444444 0.013020833333333334 0.0642361111111111
2 0.3142361111111111 0.5164930555555556 0.011284722222222222 0.059895833333333336
2 0.2743055555555556 0.6085069444444444 0.012152777777777778 0.06163194444444445
3 0.5503472222222222 0.4956597222222222 0.015625 0.0546875
2 0.4461805555555556 0.4852430555555556 0.013020833333333334 0.05295138888888889
2 0.6953125 0.4791666666666667 0.022569444444444444 0.049479166666666664
2 0.6701388888888888 0.5251736111111112 0.012152777777777778 0.058159722222222224
2 0.7404513888888888 0.6414930555555556 0.017361111111111112 0.07291666666666667
0 0.6319444444444444 0.4565972222222222 0.005208333333333333 0.009548611111111112
3 0.5364583333333334 0.3472222222222222 0.010416666666666666 0.03993055555555555