2 0.6536458333333334 0.578125 0.013020833333333334 0.050347222222222224
2 0.2690972222222222 0.5173611111111112 0.011284722222222222 0.035590277777777776
2 0.4739583333333333 0.4670138888888889 0.008680555555555556 0.041666666666666664
2 0.3611111111111111 0.4461805555555556 0.009548611111111112 0.03298611111111111
2 0.6536458333333334 0.5850694444444444 0.019097222222222224 0.05555555555555555
2 0.5763888888888888 0.4001736111111111 0.010416666666666666 0.03298611111111111
2 0.3133680555555556 0.4635416666666667 0.009548611111111112 0.03819444444444445
2 0.4982638888888889 0.4392361111111111 0.009548611111111112 0.03125
3 0.4861111111111111 0.5138888888888888 0.009548611111111112 0.04079861111111111
2 0.8046875 0.5199652777777778 0.011284722222222222 0.03993055555555555
2 0.7274305555555556 0.4574652777777778 0.008680555555555556 0.0390625
2 0.3246527777777778 0.484375 0.008680555555555556 0.042534722222222224
2 0.2708333333333333 0.5520833333333334 0.011284722222222222 0.052083333333333336
2 0.8385416666666666 0.5564236111111112 0.014756944444444444 0.04600694444444445
2 0.5980902777777778 0.4739583333333333 0.009548611111111112 0.03732638888888889
2 0.4027777777777778 0.5225694444444444 0.011284722222222222 0.04600694444444445
1 0.9782986111111112 0.5060763888888888 0.013888888888888888 0.04774305555555555
2 0.6901041666666666 0.7369791666666666 0.017361111111111112 0.059027777777777776
2 0.4800347222222222 0.6189236111111112 0.009548611111111112 0.049479166666666664
2 0.2838541666666667 0.8072916666666666 0.019097222222222224 0.07291666666666667
2 0.7873263888888888 0.5946180555555556 0.014756944444444444 0.04774305555555555
2 0.2361111111111111 0.6614583333333334 0.012152777777777778 0.05642361111111111
3 0.3385416666666667 0.390625 0.011284722222222222 0.035590277777777776
0 0.6449652777777778 0.6102430555555556 0.005208333333333333 0.010416666666666666