2 0.6892361111111112 0.3897569444444444 0.008680555555555556 0.03211805555555555
2 0.6727430555555556 0.453125 0.008680555555555556 0.04600694444444445
1 0.7934027777777778 0.4236111111111111 0.014756944444444444 0.05295138888888889
2 0.5546875 0.5572916666666666 0.022569444444444444 0.058159722222222224
2 0.5590277777777778 0.6076388888888888 0.0234375 0.05295138888888889
2 0.6944444444444444 0.4166666666666667 0.012152777777777778 0.052083333333333336
2 0.7378472222222222 0.6102430555555556 0.015625 0.06597222222222222
2 0.4991319444444444 0.4696180555555556 0.014756944444444444 0.05555555555555555
2 0.6545138888888888 0.4557291666666667 0.014756944444444444 0.049479166666666664
2 0.5868055555555556 0.4210069444444444 0.014756944444444444 0.046875
2 0.5928819444444444 0.6232638888888888 0.014756944444444444 0.0685763888888889
2 0.8177083333333334 0.6180555555555556 0.019097222222222224 0.06597222222222222
2 0.6770833333333334 0.5034722222222222 0.014756944444444444 0.0625
2 0.296875 0.734375 0.026909722222222224 0.0703125
3 0.5060763888888888 0.5251736111111112 0.015625 0.06163194444444445
2 0.578125 0.6493055555555556 0.017361111111111112 0.07725694444444445
2 0.7578125 0.6085069444444444 0.014756944444444444 0.06163194444444445
2 0.8376736111111112 0.5034722222222222 0.013888888888888888 0.06163194444444445
2 0.2829861111111111 0.7065972222222222 0.019965277777777776 0.07291666666666667
2 0.2907986111111111 0.4696180555555556 0.014756944444444444 0.059895833333333336
2 0.4791666666666667 0.6362847222222222 0.017361111111111112 0.07552083333333333
2 0.1328125 0.6102430555555556 0.026909722222222224 0.07291666666666667
0 0.5642361111111112 0.6258680555555556 0.006076388888888889 0.011284722222222222
3 0.020833333333333332 0.3342013888888889 0.013020833333333334 0.041666666666666664