3 0.5060763888888888 0.4973958333333333 0.013888888888888888 0.046875
2 0.3880208333333333 0.4088541666666667 0.011284722222222222 0.041666666666666664
2 0.7743055555555556 0.4210069444444444 0.017361111111111112 0.044270833333333336
2 0.7204861111111112 0.3793402777777778 0.013888888888888888 0.036458333333333336
2 0.4904513888888889 0.5251736111111112 0.017361111111111112 0.058159722222222224
2 0.5381944444444444 0.4409722222222222 0.015625 0.04513888888888889
2 0.4748263888888889 0.5651041666666666 0.013888888888888888 0.058159722222222224
2 0.3394097222222222 0.5529513888888888 0.021701388888888888 0.06163194444444445
2 0.6692708333333334 0.4418402777777778 0.012152777777777778 0.04513888888888889
2 0.4305555555555556 0.4800347222222222 0.019097222222222224 0.052083333333333336
2 0.7647569444444444 0.6310763888888888 0.022569444444444444 0.059027777777777776
2 0.6944444444444444 0.4730902777777778 0.011284722222222222 0.050347222222222224
2 0.7638888888888888 0.6875 0.030381944444444444 0.07465277777777778
2 0.7829861111111112 0.4730902777777778 0.013888888888888888 0.05381944444444445
2 0.8975694444444444 0.53125 0.012152777777777778 0.06076388888888889
2 0.3758680555555556 0.5407986111111112 0.014756944444444444 0.05642361111111111
2 0.2074652777777778 0.5329861111111112 0.013888888888888888 0.059027777777777776
2 0.8663194444444444 0.5138888888888888 0.016493055555555556 0.05555555555555555
2 0.08680555555555555 0.4956597222222222 0.017361111111111112 0.052083333333333336
2 0.2465277777777778 0.4557291666666667 0.018229166666666668 0.052083333333333336
2 0.5642361111111112 0.5390625 0.019965277777777776 0.057291666666666664
0 0.6267361111111112 0.3802083333333333 0.006076388888888889 0.011284722222222222
3 0.3003472222222222 0.3463541666666667 0.006944444444444444 0.034722222222222224