0 0.8715277777777778 0.7109375 0.006944444444444444 0.013888888888888888
2 0.7048611111111112 0.4592013888888889 0.008680555555555556 0.046875
2 0.8402777777777778 0.6501736111111112 0.015625 0.06597222222222222
2 0.640625 0.4392361111111111 0.009548611111111112 0.057291666666666664
1 0.7795138888888888 0.4157986111111111 0.012152777777777778 0.05295138888888889
2 0.5338541666666666 0.4635416666666667 0.013020833333333334 0.05381944444444445
2 0.6579861111111112 0.4296875 0.013020833333333334 0.05642361111111111
2 0.6649305555555556 0.5321180555555556 0.014756944444444444 0.05642361111111111
2 0.6024305555555556 0.40625 0.010416666666666666 0.051215277777777776
2 0.6953125 0.4600694444444444 0.014756944444444444 0.05555555555555555
2 0.5390625 0.4149305555555556 0.012152777777777778 0.052083333333333336
2 0.546875 0.3932291666666667 0.011284722222222222 0.049479166666666664
2 0.6232638888888888 0.4600694444444444 0.012152777777777778 0.0546875
3 0.5112847222222222 0.4626736111111111 0.010416666666666666 0.0546875
2 0.8185763888888888 0.6753472222222222 0.026041666666666668 0.04600694444444445
2 0.6197916666666666 0.5572916666666666 0.017361111111111112 0.06510416666666667
2 0.3723958333333333 0.4279513888888889 0.009548611111111112 0.052083333333333336
2 0.8489583333333334 0.7039930555555556 0.020833333333333332 0.07465277777777778
2 0.6510416666666666 0.6553819444444444 0.019097222222222224 0.06770833333333333
2 0.53125 0.6397569444444444 0.014756944444444444 0.07552083333333333
2 0.3463541666666667 0.5416666666666666 0.014756944444444444 0.06076388888888889
2 0.1640625 0.6545138888888888 0.017361111111111112 0.08246527777777778
2 0.1684027777777778 0.4635416666666667 0.013888888888888888 0.059027777777777776