2 0.6197916666666666 0.6206597222222222 0.012152777777777778 0.04079861111111111
1 0.9114583333333334 0.4227430555555556 0.012152777777777778 0.05381944444444445
2 0.21961805555555555 0.5668402777777778 0.019097222222222224 0.058159722222222224
2 0.6171875 0.3967013888888889 0.016493055555555556 0.049479166666666664
2 0.6345486111111112 0.4852430555555556 0.012152777777777778 0.057291666666666664
2 0.6987847222222222 0.4105902777777778 0.013888888888888888 0.05295138888888889
2 0.5572916666666666 0.4626736111111111 0.010416666666666666 0.05555555555555555
2 0.6770833333333334 0.4253472222222222 0.014756944444444444 0.052083333333333336
2 0.6215277777777778 0.6588541666666666 0.026041666666666668 0.0703125
2 0.3315972222222222 0.40625 0.014756944444444444 0.046875
2 0.7256944444444444 0.4600694444444444 0.012152777777777778 0.06076388888888889
3 0.5173611111111112 0.5112847222222222 0.016493055555555556 0.05642361111111111
2 0.6519097222222222 0.5217013888888888 0.014756944444444444 0.0685763888888889
2 0.4800347222222222 0.5668402777777778 0.014756944444444444 0.0685763888888889
2 0.1736111111111111 0.5538194444444444 0.0234375 0.06597222222222222
2 0.7013888888888888 0.6276041666666666 0.016493055555555556 0.06770833333333333
2 0.3585069444444444 0.6605902777777778 0.019097222222222224 0.07725694444444445
2 0.8489583333333334 0.6050347222222222 0.017361111111111112 0.07378472222222222
2 0.04079861111111111 0.6553819444444444 0.021701388888888888 0.0842013888888889
2 0.6076388888888888 0.7282986111111112 0.030381944444444444 0.07899305555555555
2 0.5590277777777778 0.5642361111111112 0.020833333333333332 0.06163194444444445
3 0.12586805555555555 0.3072916666666667 0.011284722222222222 0.041666666666666664
2 0.7491319444444444 0.8168402777777778 0.027777777777777776 0.0954861111111111