2 0.6883680555555556 0.4227430555555556 0.010416666666666666 0.028645833333333332
2 0.4765625 0.4418402777777778 0.009548611111111112 0.03732638888888889
3 0.5373263888888888 0.5121527777777778 0.011284722222222222 0.042534722222222224
2 0.671875 0.4835069444444444 0.008680555555555556 0.035590277777777776
2 0.4079861111111111 0.4435763888888889 0.006944444444444444 0.033854166666666664
2 0.8307291666666666 0.5260416666666666 0.016493055555555556 0.04600694444444445
2 0.6163194444444444 0.4505208333333333 0.008680555555555556 0.035590277777777776
2 0.7638888888888888 0.4956597222222222 0.011284722222222222 0.04079861111111111
2 0.3559027777777778 0.484375 0.011284722222222222 0.04079861111111111
2 0.5642361111111112 0.4765625 0.006944444444444444 0.03732638888888889
2 0.15364583333333334 0.546875 0.009548611111111112 0.04774305555555555
2 0.3975694444444444 0.5234375 0.011284722222222222 0.03993055555555555
2 0.2517361111111111 0.4887152777777778 0.010416666666666666 0.03993055555555555
2 0.3159722222222222 0.546875 0.009548611111111112 0.050347222222222224
2 0.7135416666666666 0.5043402777777778 0.011284722222222222 0.0390625
2 0.2907986111111111 0.625 0.009548611111111112 0.052083333333333336
2 0.7256944444444444 0.5772569444444444 0.008680555555555556 0.04600694444444445
1 0.9652777777777778 0.5121527777777778 0.011284722222222222 0.046875
2 0.84375 0.5685763888888888 0.013888888888888888 0.050347222222222224
2 0.4348958333333333 0.59375 0.012152777777777778 0.051215277777777776
2 0.4991319444444444 0.6258680555555556 0.012152777777777778 0.051215277777777776
2 0.2743055555555556 0.7413194444444444 0.013888888888888888 0.0642361111111111
3 0.3741319444444444 0.4053819444444444 0.008680555555555556 0.034722222222222224
0 0.8246527777777778 0.5425347222222222 0.005208333333333333 0.011284722222222222