2 0.3315972222222222 0.3567708333333333 0.013888888888888888 0.041666666666666664
3 0.9184027777777778 0.9713541666666666 0.030381944444444444 0.057291666666666664
2 0.21180555555555555 0.4774305555555556 0.013020833333333334 0.05555555555555555
2 0.3819444444444444 0.3897569444444444 0.013888888888888888 0.041666666666666664
1 0.03993055555555555 0.4427083333333333 0.014756944444444444 0.049479166666666664
3 0.3932291666666667 0.4652777777777778 0.016493055555555556 0.05381944444444445
2 0.3446180555555556 0.3888888888888889 0.014756944444444444 0.03732638888888889
2 0.2439236111111111 0.4661458333333333 0.022569444444444444 0.051215277777777776
2 0.6085069444444444 0.3854166666666667 0.010416666666666666 0.044270833333333336
2 0.6796875 0.4913194444444444 0.012152777777777778 0.052083333333333336
2 0.2013888888888889 0.4835069444444444 0.012152777777777778 0.05295138888888889
2 0.7204861111111112 0.6215277777777778 0.0234375 0.06336805555555555
2 0.5416666666666666 0.4409722222222222 0.010416666666666666 0.049479166666666664
2 0.8446180555555556 0.4383680555555556 0.012152777777777778 0.049479166666666664
2 0.2404513888888889 0.4105902777777778 0.014756944444444444 0.04600694444444445
2 0.3272569444444444 0.4210069444444444 0.019097222222222224 0.043402777777777776
2 0.7890625 0.4253472222222222 0.018229166666666668 0.052083333333333336
2 0.5225694444444444 0.5355902777777778 0.014756944444444444 0.06163194444444445
2 0.8159722222222222 0.4869791666666667 0.015625 0.06163194444444445
2 0.6458333333333334 0.6180555555555556 0.019965277777777776 0.06770833333333333
2 0.17881944444444445 0.4696180555555556 0.019097222222222224 0.05555555555555555
2 0.7517361111111112 0.5234375 0.017361111111111112 0.0642361111111111
2 0.3454861111111111 0.5017361111111112 0.019965277777777776 0.0546875
3 0.3758680555555556 0.328125 0.012152777777777778 0.0390625
0 0.3246527777777778 0.3914930555555556 0.004340277777777778 0.008680555555555556