2 0.5928819444444444 0.4140625 0.012152777777777778 0.04600694444444445
2 0.4713541666666667 0.5920138888888888 0.014756944444444444 0.07552083333333333
0 0.5763888888888888 0.6579861111111112 0.009548611111111112 0.012152777777777778
2 0.5850694444444444 0.4470486111111111 0.019965277777777776 0.05295138888888889
2 0.5043402777777778 0.3619791666666667 0.010416666666666666 0.050347222222222224
2 0.3680555555555556 0.3567708333333333 0.014756944444444444 0.05381944444444445
2 0.7065972222222222 0.5989583333333334 0.016493055555555556 0.06510416666666667
2 0.5381944444444444 0.40625 0.015625 0.052083333333333336
2 0.4253472222222222 0.3515625 0.009548611111111112 0.049479166666666664
2 0.6015625 0.4444444444444444 0.014756944444444444 0.057291666666666664
1 0.8862847222222222 0.4418402777777778 0.013888888888888888 0.059895833333333336
2 0.6354166666666666 0.4696180555555556 0.013888888888888888 0.07552083333333333
2 0.5052083333333334 0.4296875 0.009548611111111112 0.057291666666666664
3 0.4626736111111111 0.4539930555555556 0.012152777777777778 0.058159722222222224
2 0.5564236111111112 0.5086805555555556 0.016493055555555556 0.06684027777777778
2 0.4079861111111111 0.5286458333333334 0.014756944444444444 0.0642361111111111
2 0.1015625 0.4192708333333333 0.013888888888888888 0.059027777777777776
2 0.6935763888888888 0.5008680555555556 0.025173611111111112 0.0642361111111111
2 0.4861111111111111 0.6050347222222222 0.021701388888888888 0.06510416666666667
2 0.08072916666666667 0.5295138888888888 0.017361111111111112 0.06684027777777778
2 0.2326388888888889 0.5269097222222222 0.016493055555555556 0.06597222222222222
2 0.4800347222222222 0.5815972222222222 0.019097222222222224 0.06944444444444445