2 0.5616319444444444 0.3741319444444444 0.017361111111111112 0.04079861111111111
3 0.5303819444444444 0.5407986111111112 0.014756944444444444 0.059895833333333336
2 0.4618055555555556 0.4331597222222222 0.011284722222222222 0.04774305555555555
2 0.5329861111111112 0.5052083333333334 0.014756944444444444 0.04774305555555555
3 0.8637152777777778 0.9583333333333334 0.036458333333333336 0.08333333333333333
2 0.7213541666666666 0.4913194444444444 0.013888888888888888 0.052083333333333336
1 0.109375 0.4505208333333333 0.013020833333333334 0.052083333333333336
2 0.5052083333333334 0.3993055555555556 0.009548611111111112 0.04513888888888889
2 0.7178819444444444 0.5434027777777778 0.014756944444444444 0.059027777777777776
2 0.8758680555555556 0.5407986111111112 0.013888888888888888 0.06336805555555555
2 0.4045138888888889 0.4835069444444444 0.016493055555555556 0.049479166666666664
2 0.6519097222222222 0.4131944444444444 0.014756944444444444 0.042534722222222224
2 0.6284722222222222 0.4557291666666667 0.012152777777777778 0.04774305555555555
2 0.8888888888888888 0.5026041666666666 0.017361111111111112 0.05555555555555555
2 0.4904513888888889 0.421875 0.011284722222222222 0.044270833333333336
2 0.5138888888888888 0.5164930555555556 0.014756944444444444 0.057291666666666664
2 0.5989583333333334 0.6223958333333334 0.014756944444444444 0.0703125
2 0.3194444444444444 0.5390625 0.013888888888888888 0.0546875
2 0.7421875 0.5928819444444444 0.014756944444444444 0.06944444444444445
2 0.2881944444444444 0.6189236111111112 0.013888888888888888 0.06336805555555555
2 0.3098958333333333 0.5555555555555556 0.014756944444444444 0.06336805555555555
2 0.2421875 0.703125 0.016493055555555556 0.07465277777777778
2 0.7048611111111112 0.6996527777777778 0.017361111111111112 0.0798611111111111
0 0.5633680555555556 0.3940972222222222 0.005208333333333333 0.008680555555555556
3 0.5581597222222222 0.3402777777777778 0.010416666666666666 0.03819444444444445