1 0.8663194444444444 0.4210069444444444 0.025173611111111112 0.06163194444444445
2 0.6336805555555556 0.4053819444444444 0.015625 0.04774305555555555
2 0.6475694444444444 0.4045138888888889 0.012152777777777778 0.05295138888888889
2 0.6866319444444444 0.4479166666666667 0.013888888888888888 0.059027777777777776
2 0.6692708333333334 0.4288194444444444 0.011284722222222222 0.04774305555555555
3 0.5034722222222222 0.5060763888888888 0.014756944444444444 0.058159722222222224
2 0.5868055555555556 0.6432291666666666 0.021701388888888888 0.06510416666666667
2 0.6267361111111112 0.4878472222222222 0.011284722222222222 0.057291666666666664
2 0.5460069444444444 0.640625 0.017361111111111112 0.06944444444444445
2 0.3107638888888889 0.4296875 0.012152777777777778 0.05295138888888889
2 0.5347222222222222 0.4774305555555556 0.011284722222222222 0.058159722222222224
2 0.6623263888888888 0.5164930555555556 0.013020833333333334 0.06336805555555555
2 0.7361111111111112 0.6232638888888888 0.016493055555555556 0.06684027777777778
2 0.7473958333333334 0.5277777777777778 0.015625 0.05555555555555555
2 0.6015625 0.5607638888888888 0.013888888888888888 0.06163194444444445
2 0.1519097222222222 0.5720486111111112 0.012152777777777778 0.0685763888888889
2 0.6996527777777778 0.5859375 0.019965277777777776 0.06510416666666667
2 0.3515625 0.6414930555555556 0.012152777777777778 0.078125
2 0.1640625 0.6171875 0.013020833333333334 0.06597222222222222
2 0.4973958333333333 0.5538194444444444 0.018229166666666668 0.06597222222222222
2 0.6414930555555556 0.6918402777777778 0.016493055555555556 0.078125
2 0.046875 0.671875 0.026909722222222224 0.0859375
0 0.5520833333333334 0.6623263888888888 0.008680555555555556 0.011284722222222222
3 0.08506944444444445 0.3272569444444444 0.012152777777777778 0.04513888888888889