2 0.6857638888888888 0.4253472222222222 0.017361111111111112 0.03732638888888889
1 0.7829861111111112 0.4470486111111111 0.016493055555555556 0.03298611111111111
2 0.6710069444444444 0.421875 0.011284722222222222 0.044270833333333336
2 0.6831597222222222 0.4592013888888889 0.017361111111111112 0.041666666666666664
2 0.5529513888888888 0.4192708333333333 0.012152777777777778 0.043402777777777776
2 0.7300347222222222 0.4557291666666667 0.019965277777777776 0.044270833333333336
2 0.8923611111111112 0.5251736111111112 0.014756944444444444 0.044270833333333336
2 0.5460069444444444 0.4496527777777778 0.016493055555555556 0.04600694444444445
3 0.5225694444444444 0.4713541666666667 0.009548611111111112 0.05555555555555555
2 0.8524305555555556 0.5017361111111112 0.012152777777777778 0.049479166666666664
2 0.6006944444444444 0.4270833333333333 0.009548611111111112 0.04079861111111111
2 0.6588541666666666 0.46875 0.020833333333333332 0.04774305555555555
2 0.734375 0.5017361111111112 0.011284722222222222 0.057291666666666664
2 0.6328125 0.5130208333333334 0.013888888888888888 0.057291666666666664
2 0.3984375 0.4322916666666667 0.013888888888888888 0.05295138888888889
2 0.8411458333333334 0.5364583333333334 0.014756944444444444 0.0546875
2 0.6267361111111112 0.5859375 0.016493055555555556 0.06163194444444445
2 0.15885416666666666 0.4861111111111111 0.010416666666666666 0.059027777777777776
2 0.7065972222222222 0.5581597222222222 0.012152777777777778 0.0703125
2 0.1987847222222222 0.6119791666666666 0.015625 0.07118055555555555
2 0.2612847222222222 0.5590277777777778 0.012152777777777778 0.06336805555555555
2 0.4904513888888889 0.6145833333333334 0.017361111111111112 0.07291666666666667
0 0.8975694444444444 0.5416666666666666 0.006944444444444444 0.014756944444444444