3 0.21961805555555555 0.3637152777777778 0.009548611111111112 0.030381944444444444
2 0.4409722222222222 0.3888888888888889 0.0078125 0.03298611111111111
2 0.65625 0.4149305555555556 0.010416666666666666 0.03993055555555555
2 0.609375 0.4123263888888889 0.008680555555555556 0.03819444444444445
2 0.13368055555555555 0.3802083333333333 0.009548611111111112 0.030381944444444444
2 0.6631944444444444 0.4383680555555556 0.010416666666666666 0.03819444444444445
3 0.8793402777777778 0.84375 0.020833333333333332 0.07899305555555555
2 0.6102430555555556 0.4461805555555556 0.012152777777777778 0.036458333333333336
2 0.1875 0.3845486111111111 0.012152777777777778 0.029513888888888888
2 0.7977430555555556 0.6545138888888888 0.013888888888888888 0.057291666666666664
2 0.3741319444444444 0.4887152777777778 0.011284722222222222 0.043402777777777776
2 0.7161458333333334 0.4947916666666667 0.013888888888888888 0.04600694444444445
2 0.4479166666666667 0.4288194444444444 0.009548611111111112 0.04079861111111111
3 0.4895833333333333 0.4817708333333333 0.010416666666666666 0.044270833333333336
2 0.6362847222222222 0.515625 0.010416666666666666 0.049479166666666664
2 0.1293402777777778 0.4401041666666667 0.014756944444444444 0.0390625
2 0.6241319444444444 0.5555555555555556 0.013888888888888888 0.05381944444444445
2 0.8064236111111112 0.703125 0.013020833333333334 0.06597222222222222
2 0.7430555555555556 0.5503472222222222 0.012152777777777778 0.0546875
2 0.6510416666666666 0.6006944444444444 0.015625 0.057291666666666664
2 0.3307291666666667 0.5520833333333334 0.012152777777777778 0.051215277777777776
2 0.1545138888888889 0.5138888888888888 0.012152777777777778 0.04774305555555555
2 0.4904513888888889 0.4548611111111111 0.011284722222222222 0.042534722222222224
2 0.4366319444444444 0.3793402777777778 0.006076388888888889 0.03125