2 0.3203125 0.21788194444444445 0.013020833333333334 0.05295138888888889
0 0.8055555555555556 0.3185763888888889 0.006076388888888889 0.010416666666666666
3 0.4131944444444444 0.07725694444444445 0.009548611111111112 0.04513888888888889
2 0.3967013888888889 0.3715277777777778 0.014756944444444444 0.07291666666666667
2 0.5347222222222222 0.08940972222222222 0.010416666666666666 0.04513888888888889
2 0.15538194444444445 0.6258680555555556 0.026909722222222224 0.0920138888888889
2 0.3203125 0.23350694444444445 0.011284722222222222 0.0642361111111111
2 0.4774305555555556 0.2421875 0.010416666666666666 0.06163194444444445
3 0.3940972222222222 0.3880208333333333 0.013888888888888888 0.07291666666666667
2 0.5694444444444444 0.1753472222222222 0.009548611111111112 0.05381944444444445
2 0.8194444444444444 0.2873263888888889 0.019097222222222224 0.06510416666666667
2 0.4357638888888889 0.3029513888888889 0.016493055555555556 0.05642361111111111
2 0.1579861111111111 0.5824652777777778 0.026909722222222224 0.08333333333333333
2 0.2717013888888889 0.3255208333333333 0.014756944444444444 0.06684027777777778
2 0.5399305555555556 0.2907986111111111 0.012152777777777778 0.06684027777777778
2 0.6553819444444444 0.3029513888888889 0.013888888888888888 0.0685763888888889
2 0.2404513888888889 0.3940972222222222 0.014756944444444444 0.07378472222222222
2 0.3888888888888889 0.4626736111111111 0.019965277777777776 0.07552083333333333
2 0.2282986111111111 0.4123263888888889 0.021701388888888888 0.07725694444444445
2 0.8359375 0.5104166666666666 0.022569444444444444 0.08854166666666667
2 0.6440972222222222 0.5234375 0.0234375 0.08333333333333333
2 0.3862847222222222 0.5572916666666666 0.022569444444444444 0.08506944444444445
2 0.3229166666666667 0.8993055555555556 0.030381944444444444 0.11197916666666667