2 0.71875 0.3732638888888889 0.012152777777777778 0.05555555555555555
2 0.5442708333333334 0.2907986111111111 0.011284722222222222 0.042534722222222224
2 0.6918402777777778 0.3862847222222222 0.011284722222222222 0.0546875
2 0.8203125 0.4782986111111111 0.014756944444444444 0.0685763888888889
2 0.5998263888888888 0.3315972222222222 0.011284722222222222 0.051215277777777776
1 0.953125 0.4357638888888889 0.012152777777777778 0.06510416666666667
2 0.5017361111111112 0.2977430555555556 0.011284722222222222 0.04600694444444445
2 0.4427083333333333 0.3055555555555556 0.014756944444444444 0.050347222222222224
2 0.4748263888888889 0.3932291666666667 0.014756944444444444 0.059027777777777776
2 0.9114583333333334 0.4782986111111111 0.022569444444444444 0.06597222222222222
2 0.5555555555555556 0.4852430555555556 0.019965277777777776 0.06770833333333333
2 0.4279513888888889 0.3767361111111111 0.013888888888888888 0.06163194444444445
2 0.7361111111111112 0.4027777777777778 0.021701388888888888 0.06336805555555555
2 0.6397569444444444 0.4340277777777778 0.013888888888888888 0.0642361111111111
2 0.8263888888888888 0.4166666666666667 0.013888888888888888 0.06336805555555555
2 0.8072916666666666 0.5112847222222222 0.019097222222222224 0.06770833333333333
2 0.8923611111111112 0.4652777777777778 0.017361111111111112 0.06597222222222222
3 0.4444444444444444 0.3715277777777778 0.012152777777777778 0.0642361111111111
2 0.08506944444444445 0.4817708333333333 0.016493055555555556 0.0703125
2 0.6753472222222222 0.5251736111111112 0.021701388888888888 0.07725694444444445
2 0.4175347222222222 0.4800347222222222 0.020833333333333332 0.07118055555555555
0 0.53125 0.3055555555555556 0.004340277777777778 0.009548611111111112
2 0.7378472222222222 0.3680555555555556 0.013888888888888888 0.05295138888888889