2 0.6006944444444444 0.3498263888888889 0.012152777777777778 0.051215277777777776
2 0.6336805555555556 0.3871527777777778 0.017361111111111112 0.042534722222222224
1 0.7447916666666666 0.4357638888888889 0.013888888888888888 0.049479166666666664
2 0.7361111111111112 0.4592013888888889 0.017361111111111112 0.06770833333333333
2 0.546875 0.3758680555555556 0.011284722222222222 0.057291666666666664
2 0.7630208333333334 0.4782986111111111 0.013888888888888888 0.06076388888888889
2 0.515625 0.4826388888888889 0.016493055555555556 0.06510416666666667
2 0.6727430555555556 0.484375 0.025173611111111112 0.06597222222222222
2 0.7309027777777778 0.5173611111111112 0.027777777777777776 0.07899305555555555
2 0.359375 0.3854166666666667 0.021701388888888888 0.0642361111111111
2 0.6961805555555556 0.4427083333333333 0.022569444444444444 0.057291666666666664
3 0.2517361111111111 0.3446180555555556 0.015625 0.06163194444444445
2 0.5798611111111112 0.4470486111111111 0.016493055555555556 0.0720486111111111
2 0.4774305555555556 0.3689236111111111 0.026909722222222224 0.0642361111111111
2 0.6197916666666666 0.4253472222222222 0.021701388888888888 0.059895833333333336
2 0.5815972222222222 0.4895833333333333 0.028645833333333332 0.06076388888888889
2 0.3802083333333333 0.4592013888888889 0.012152777777777778 0.07552083333333333
2 0.2326388888888889 0.3298611111111111 0.014756944444444444 0.06163194444444445
2 0.4392361111111111 0.5199652777777778 0.016493055555555556 0.08159722222222222
2 0.7213541666666666 0.5616319444444444 0.0234375 0.09635416666666667
2 0.08506944444444445 0.5520833333333334 0.024305555555555556 0.08333333333333333
0 0.609375 0.375 0.006944444444444444 0.009548611111111112