2 0.4618055555555556 0.3810763888888889 0.008680555555555556 0.033854166666666664
0 0.2552083333333333 0.5572916666666666 0.006076388888888889 0.010416666666666666
2 0.5711805555555556 0.3003472222222222 0.006944444444444444 0.03298611111111111
2 0.4635416666666667 0.3984375 0.009548611111111112 0.041666666666666664
2 0.4340277777777778 0.3350694444444444 0.006944444444444444 0.035590277777777776
2 0.5460069444444444 0.6024305555555556 0.016493055555555556 0.052083333333333336
2 0.5876736111111112 0.3541666666666667 0.0078125 0.03819444444444445
2 0.4947916666666667 0.3741319444444444 0.008680555555555556 0.043402777777777776
2 0.6032986111111112 0.4357638888888889 0.010416666666666666 0.04513888888888889
2 0.6206597222222222 0.4036458333333333 0.008680555555555556 0.042534722222222224
2 0.7421875 0.5442708333333334 0.011284722222222222 0.04774305555555555
1 0.9244791666666666 0.4140625 0.012152777777777778 0.04600694444444445
2 0.5581597222222222 0.3359375 0.008680555555555556 0.03819444444444445
2 0.6666666666666666 0.4479166666666667 0.013020833333333334 0.046875
2 0.2248263888888889 0.3836805555555556 0.008680555555555556 0.041666666666666664
2 0.6449652777777778 0.4184027777777778 0.012152777777777778 0.046875
2 0.5251736111111112 0.4861111111111111 0.010416666666666666 0.052083333333333336
2 0.22569444444444445 0.4696180555555556 0.013020833333333334 0.04774305555555555
2 0.3359375 0.4730902777777778 0.009548611111111112 0.050347222222222224
3 0.4782986111111111 0.3975694444444444 0.013020833333333334 0.041666666666666664
2 0.23697916666666666 0.5633680555555556 0.014756944444444444 0.057291666666666664
2 0.8263888888888888 0.7309027777777778 0.019097222222222224 0.059027777777777776
3 0.9522569444444444 0.8576388888888888 0.029513888888888888 0.0842013888888889
3 0.2534722222222222 0.2916666666666667 0.008680555555555556 0.03298611111111111
2 0.5121527777777778 0.2864583333333333 0.010416666666666666 0.034722222222222224