0 0.4079861111111111 0.4713541666666667 0.006076388888888889 0.010416666666666666
2 0.6111111111111112 0.1953125 0.0078125 0.035590277777777776
2 0.6128472222222222 0.3333333333333333 0.013888888888888888 0.050347222222222224
3 0.5078125 0.328125 0.019965277777777776 0.051215277777777776
2 0.2569444444444444 0.2586805555555556 0.011284722222222222 0.044270833333333336
2 0.5138888888888888 0.2699652777777778 0.013888888888888888 0.04513888888888889
2 0.7387152777777778 0.2864583333333333 0.010416666666666666 0.04774305555555555
2 0.6631944444444444 0.3220486111111111 0.013888888888888888 0.046875
2 0.6336805555555556 0.3932291666666667 0.015625 0.059895833333333336
2 0.7144097222222222 0.2578125 0.013888888888888888 0.04513888888888889
2 0.7838541666666666 0.3229166666666667 0.011284722222222222 0.05381944444444445
2 0.12586805555555555 0.3689236111111111 0.013888888888888888 0.05642361111111111
2 0.3914930555555556 0.4383680555555556 0.025173611111111112 0.058159722222222224
2 0.6597222222222222 0.4756944444444444 0.019965277777777776 0.058159722222222224
2 0.09027777777777778 0.3871527777777778 0.017361111111111112 0.058159722222222224
2 0.7482638888888888 0.3993055555555556 0.014756944444444444 0.05295138888888889
2 0.8151041666666666 0.4157986111111111 0.018229166666666668 0.059895833333333336
2 0.6588541666666666 0.8715277777777778 0.03298611111111111 0.09114583333333333
2 0.8151041666666666 0.5338541666666666 0.017361111111111112 0.07118055555555555
2 0.5677083333333334 0.5859375 0.022569444444444444 0.07291666666666667
2 0.6961805555555556 0.5364583333333334 0.018229166666666668 0.07118055555555555
2 0.8836805555555556 0.5373263888888888 0.016493055555555556 0.06510416666666667
3 0.2612847222222222 0.1935763888888889 0.013020833333333334 0.03993055555555555