2 0.5954861111111112 0.1779513888888889 0.011284722222222222 0.03993055555555555
3 0.9913194444444444 0.9765625 0.014756944444444444 0.044270833333333336
2 0.3498263888888889 0.4565972222222222 0.019097222222222224 0.0720486111111111
2 0.375 0.3428819444444444 0.013888888888888888 0.058159722222222224
2 0.3940972222222222 0.2907986111111111 0.015625 0.052083333333333336
2 0.7126736111111112 0.3550347222222222 0.013888888888888888 0.058159722222222224
2 0.5763888888888888 0.2404513888888889 0.0078125 0.046875
2 0.3428819444444444 0.4027777777777778 0.014756944444444444 0.06336805555555555
2 0.7821180555555556 0.2821180555555556 0.014756944444444444 0.050347222222222224
3 0.4756944444444444 0.4340277777777778 0.013020833333333334 0.0685763888888889
2 0.2743055555555556 0.5555555555555556 0.019097222222222224 0.078125
2 0.4644097222222222 0.3506944444444444 0.011284722222222222 0.05555555555555555
2 0.6328125 0.4470486111111111 0.018229166666666668 0.07291666666666667
2 0.3177083333333333 0.4348958333333333 0.014756944444444444 0.0642361111111111
2 0.6336805555555556 0.3741319444444444 0.013888888888888888 0.059895833333333336
2 0.5138888888888888 0.3151041666666667 0.011284722222222222 0.0546875
2 0.8064236111111112 0.4800347222222222 0.016493055555555556 0.07725694444444445
2 0.4461805555555556 0.3697916666666667 0.014756944444444444 0.06597222222222222
2 0.5078125 0.5685763888888888 0.016493055555555556 0.07899305555555555
2 0.3923611111111111 0.5130208333333334 0.017361111111111112 0.0720486111111111
2 0.4288194444444444 0.8914930555555556 0.020833333333333332 0.12065972222222222
2 0.3958333333333333 0.2734375 0.011284722222222222 0.049479166666666664
3 0.4722222222222222 0.1597222222222222 0.008680555555555556 0.04079861111111111
0 0.7456597222222222 0.3133680555555556 0.005208333333333333 0.011284722222222222