3 0.4401041666666667 0.06684027777777778 0.009548611111111112 0.033854166666666664
2 0.5512152777777778 0.09114583333333333 0.011284722222222222 0.043402777777777776
0 0.8107638888888888 0.6388888888888888 0.0078125 0.013020833333333334
2 0.3706597222222222 0.19270833333333334 0.012152777777777778 0.05381944444444445
2 0.3585069444444444 0.22135416666666666 0.0078125 0.0546875
2 0.2907986111111111 0.3480902777777778 0.015625 0.0720486111111111
2 0.4557291666666667 0.3871527777777778 0.012152777777777778 0.07118055555555555
2 0.65625 0.3715277777777778 0.009548611111111112 0.07552083333333333
2 0.4947916666666667 0.24913194444444445 0.013020833333333334 0.06076388888888889
2 0.23958333333333334 0.4470486111111111 0.013020833333333334 0.07899305555555555
2 0.6032986111111112 0.18489583333333334 0.012152777777777778 0.057291666666666664
2 0.4201388888888889 0.3237847222222222 0.017361111111111112 0.06336805555555555
2 0.4600694444444444 0.546875 0.014756944444444444 0.09461805555555555
3 0.3984375 0.4071180555555556 0.015625 0.07725694444444445
2 0.4479166666666667 0.6059027777777778 0.019097222222222224 0.08854166666666667
2 0.5946180555555556 0.3185763888888889 0.03211805555555555 0.06944444444444445
2 0.90625 0.2760416666666667 0.015625 0.06770833333333333
2 0.2638888888888889 0.4071180555555556 0.017361111111111112 0.07899305555555555
2 0.18836805555555555 0.6710069444444444 0.021701388888888888 0.09895833333333333
2 0.2092013888888889 0.6206597222222222 0.021701388888888888 0.08246527777777778
2 0.671875 0.6631944444444444 0.029513888888888888 0.09375
2 0.4262152777777778 0.8767361111111112 0.029513888888888888 0.109375
2 0.8263888888888888 0.6171875 0.03819444444444445 0.09461805555555555