2 0.5572916666666666 0.2881944444444444 0.009548611111111112 0.033854166666666664
2 0.3532986111111111 0.2708333333333333 0.011284722222222222 0.03211805555555555
2 0.7152777777777778 0.296875 0.009548611111111112 0.03819444444444445
2 0.7517361111111112 0.28125 0.008680555555555556 0.03732638888888889
2 0.7890625 0.3046875 0.011284722222222222 0.043402777777777776
2 0.6571180555555556 0.328125 0.010416666666666666 0.044270833333333336
2 0.1996527777777778 0.3732638888888889 0.009548611111111112 0.04513888888888889
2 0.8732638888888888 0.4175347222222222 0.011284722222222222 0.05555555555555555
2 0.16927083333333334 0.3394097222222222 0.009548611111111112 0.044270833333333336
2 0.7604166666666666 0.3671875 0.011284722222222222 0.043402777777777776
2 0.6901041666666666 0.4435763888888889 0.010416666666666666 0.05555555555555555
2 0.8194444444444444 0.3359375 0.012152777777777778 0.04513888888888889
2 0.3368055555555556 0.4001736111111111 0.014756944444444444 0.044270833333333336
2 0.6710069444444444 0.3819444444444444 0.013888888888888888 0.051215277777777776
3 0.5190972222222222 0.3758680555555556 0.009548611111111112 0.04774305555555555
1 0.0954861111111111 0.3932291666666667 0.015625 0.04774305555555555
2 0.8914930555555556 0.5581597222222222 0.019097222222222224 0.06163194444444445
2 0.8541666666666666 0.6189236111111112 0.015625 0.07378472222222222
2 0.8151041666666666 0.4774305555555556 0.014756944444444444 0.06076388888888889
2 0.5390625 0.5703125 0.019965277777777776 0.06510416666666667
2 0.4722222222222222 0.7456597222222222 0.025173611111111112 0.07552083333333333
0 0.3515625 0.4201388888888889 0.006944444444444444 0.012152777777777778
3 0.3142361111111111 0.2300347222222222 0.0078125 0.03125
2 0.6102430555555556 0.23524305555555555 0.012152777777777778 0.03125