1 0.8793402777777778 0.3454861111111111 0.013888888888888888 0.04774305555555555
2 0.5147569444444444 0.2526041666666667 0.009548611111111112 0.05381944444444445
2 0.8376736111111112 0.3342013888888889 0.014756944444444444 0.051215277777777776
2 0.578125 0.22135416666666666 0.013888888888888888 0.0546875
2 0.5225694444444444 0.2230902777777778 0.012152777777777778 0.04774305555555555
2 0.5208333333333334 0.265625 0.013020833333333334 0.05295138888888889
2 0.8871527777777778 0.3767361111111111 0.012152777777777778 0.059027777777777776
2 0.5520833333333334 0.234375 0.013888888888888888 0.051215277777777776
2 0.7222222222222222 0.3098958333333333 0.011284722222222222 0.04774305555555555
2 0.40625 0.3116319444444444 0.011284722222222222 0.06336805555555555
2 0.3871527777777778 0.2300347222222222 0.009548611111111112 0.051215277777777776
3 0.4609375 0.2760416666666667 0.021701388888888888 0.059027777777777776
2 0.5920138888888888 0.3298611111111111 0.010416666666666666 0.052083333333333336
2 0.5460069444444444 0.28125 0.012152777777777778 0.06076388888888889
2 0.8428819444444444 0.3802083333333333 0.014756944444444444 0.06597222222222222
2 0.703125 0.3029513888888889 0.013020833333333334 0.058159722222222224
2 0.7907986111111112 0.3993055555555556 0.012152777777777778 0.06336805555555555
2 0.7413194444444444 0.3229166666666667 0.015625 0.06684027777777778
2 0.2048611111111111 0.3394097222222222 0.013020833333333334 0.07118055555555555
2 0.1684027777777778 0.3541666666666667 0.021701388888888888 0.06944444444444445
2 0.4644097222222222 0.4704861111111111 0.016493055555555556 0.07725694444444445
2 0.08506944444444445 0.2907986111111111 0.018229166666666668 0.06684027777777778