2 0.6076388888888888 0.1762152777777778 0.016493055555555556 0.033854166666666664
3 0.9340277777777778 0.9809027777777778 0.013888888888888888 0.03819444444444445
2 0.5399305555555556 0.23350694444444445 0.014756944444444444 0.03732638888888889
3 0.484375 0.1675347222222222 0.008680555555555556 0.030381944444444444
2 0.6961805555555556 0.2387152777777778 0.012152777777777778 0.0390625
2 0.5494791666666666 0.2378472222222222 0.013020833333333334 0.044270833333333336
2 0.6414930555555556 0.21354166666666666 0.010416666666666666 0.04079861111111111
1 0.03125 0.3324652777777778 0.013020833333333334 0.058159722222222224
2 0.6927083333333334 0.2699652777777778 0.016493055555555556 0.04774305555555555
2 0.5590277777777778 0.2760416666666667 0.011284722222222222 0.051215277777777776
2 0.6649305555555556 0.2526041666666667 0.016493055555555556 0.043402777777777776
2 0.5277777777777778 0.2855902777777778 0.009548611111111112 0.05295138888888889
2 0.4296875 0.2743055555555556 0.011284722222222222 0.051215277777777776
2 0.3940972222222222 0.3315972222222222 0.011284722222222222 0.06163194444444445
2 0.3611111111111111 0.3428819444444444 0.011284722222222222 0.059027777777777776
2 0.5590277777777778 0.3619791666666667 0.012152777777777778 0.059027777777777776
2 0.7638888888888888 0.3090277777777778 0.012152777777777778 0.058159722222222224
3 0.5295138888888888 0.359375 0.012152777777777778 0.06163194444444445
2 0.34375 0.3975694444444444 0.013888888888888888 0.06684027777777778
2 0.5243055555555556 0.5147569444444444 0.016493055555555556 0.06944444444444445
2 0.4244791666666667 0.4296875 0.013020833333333334 0.0642361111111111
2 0.8776041666666666 0.4131944444444444 0.017361111111111112 0.06684027777777778
2 0.2951388888888889 0.4522569444444444 0.012152777777777778 0.06684027777777778
2 0.4418402777777778 0.6927083333333334 0.021701388888888888 0.09375
0 0.6909722222222222 0.2578125 0.005208333333333333 0.009548611111111112