2 0.7890625 0.3246527777777778 0.014756944444444444 0.042534722222222224
2 0.8506944444444444 0.4184027777777778 0.009548611111111112 0.059027777777777776
2 0.7795138888888888 0.3116319444444444 0.011284722222222222 0.04513888888888889
2 0.6675347222222222 0.2378472222222222 0.011284722222222222 0.03993055555555555
2 0.5998263888888888 0.2265625 0.017361111111111112 0.04600694444444445
2 0.6848958333333334 0.2309027777777778 0.0078125 0.03819444444444445
1 0.9053819444444444 0.3368055555555556 0.009548611111111112 0.059027777777777776
2 0.8559027777777778 0.3654513888888889 0.009548611111111112 0.05381944444444445
2 0.5442708333333334 0.24913194444444445 0.011284722222222222 0.042534722222222224
2 0.6987847222222222 0.2899305555555556 0.008680555555555556 0.05381944444444445
2 0.4010416666666667 0.24131944444444445 0.014756944444444444 0.041666666666666664
2 0.8142361111111112 0.3133680555555556 0.011284722222222222 0.0546875
3 0.5798611111111112 0.2795138888888889 0.011284722222222222 0.051215277777777776
2 0.7682291666666666 0.3776041666666667 0.012152777777777778 0.059895833333333336
2 0.8871527777777778 0.3845486111111111 0.015625 0.059895833333333336
2 0.6831597222222222 0.3272569444444444 0.016493055555555556 0.05642361111111111
2 0.5607638888888888 0.4539930555555556 0.015625 0.0685763888888889
2 0.2717013888888889 0.3420138888888889 0.011284722222222222 0.06336805555555555
2 0.24739583333333334 0.3480902777777778 0.014756944444444444 0.0642361111111111
2 0.4904513888888889 0.3064236111111111 0.014756944444444444 0.0546875
2 0.16145833333333334 0.3020833333333333 0.011284722222222222 0.058159722222222224
0 0.5633680555555556 0.2673611111111111 0.004340277777777778 0.008680555555555556
2 0.6649305555555556 0.2248263888888889 0.011284722222222222 0.049479166666666664