0 0.8220486111111112 0.6831597222222222 0.008680555555555556 0.011284722222222222
3 0.4314236111111111 0.1762152777777778 0.009548611111111112 0.03125
2 0.5043402777777778 0.20052083333333334 0.006944444444444444 0.03732638888888889
1 0.015625 0.3368055555555556 0.014756944444444444 0.04600694444444445
2 0.3758680555555556 0.2907986111111111 0.008680555555555556 0.041666666666666664
2 0.4991319444444444 0.3298611111111111 0.011284722222222222 0.049479166666666664
2 0.5616319444444444 0.2673611111111111 0.006944444444444444 0.03993055555555555
2 0.3871527777777778 0.2647569444444444 0.008680555555555556 0.043402777777777776
2 0.3246527777777778 0.3949652777777778 0.008680555555555556 0.05642361111111111
2 0.3611111111111111 0.4522569444444444 0.009548611111111112 0.059027777777777776
2 0.4079861111111111 0.3637152777777778 0.009548611111111112 0.049479166666666664
2 0.2829861111111111 0.4878472222222222 0.009548611111111112 0.06163194444444445
2 0.3142361111111111 0.4340277777777778 0.013020833333333334 0.059027777777777776
2 0.5694444444444444 0.3940972222222222 0.013888888888888888 0.05555555555555555
3 0.4036458333333333 0.4574652777777778 0.010416666666666666 0.059027777777777776
2 0.6102430555555556 0.4201388888888889 0.012152777777777778 0.058159722222222224
2 0.7690972222222222 0.3159722222222222 0.012152777777777778 0.04774305555555555
2 0.4782986111111111 0.5052083333333334 0.010416666666666666 0.06597222222222222
2 0.3055555555555556 0.609375 0.018229166666666668 0.06944444444444445
2 0.3897569444444444 0.5538194444444444 0.014756944444444444 0.06510416666666667
2 0.21354166666666666 0.6779513888888888 0.013888888888888888 0.08072916666666667
2 0.8298611111111112 0.6657986111111112 0.024305555555555556 0.08159722222222222
2 0.5486111111111112 0.7560763888888888 0.017361111111111112 0.08333333333333333
2 0.5711805555555556 0.6440972222222222 0.024305555555555556 0.0642361111111111
3 0.9392361111111112 0.8324652777777778 0.027777777777777776 0.09461805555555555