2 0.59375 0.3498263888888889 0.006944444444444444 0.030381944444444444
2 0.6206597222222222 0.4244791666666667 0.008680555555555556 0.04774305555555555
2 0.6154513888888888 0.4331597222222222 0.013020833333333334 0.042534722222222224
2 0.8229166666666666 0.4340277777777778 0.008680555555555556 0.043402777777777776
2 0.5217013888888888 0.3732638888888889 0.006076388888888889 0.03125
2 0.4079861111111111 0.3706597222222222 0.006944444444444444 0.03298611111111111
2 0.7699652777777778 0.3932291666666667 0.008680555555555556 0.036458333333333336
2 0.7482638888888888 0.4027777777777778 0.010416666666666666 0.0390625
3 0.6545138888888888 0.40625 0.011284722222222222 0.041666666666666664
2 0.4184027777777778 0.5078125 0.011284722222222222 0.05381944444444445
2 0.6432291666666666 0.5026041666666666 0.009548611111111112 0.05295138888888889
2 0.8680555555555556 0.5260416666666666 0.012152777777777778 0.057291666666666664
2 0.3420138888888889 0.3967013888888889 0.008680555555555556 0.041666666666666664
2 0.4331597222222222 0.4288194444444444 0.009548611111111112 0.041666666666666664
1 0.08072916666666667 0.4592013888888889 0.017361111111111112 0.04600694444444445
2 0.8229166666666666 0.53125 0.013020833333333334 0.06076388888888889
2 0.2048611111111111 0.4470486111111111 0.008680555555555556 0.04513888888888889
2 0.4713541666666667 0.6232638888888888 0.013888888888888888 0.06597222222222222
2 0.4201388888888889 0.5946180555555556 0.014756944444444444 0.06336805555555555
2 0.8559027777777778 0.5798611111111112 0.015625 0.06163194444444445
2 0.4539930555555556 0.53125 0.014756944444444444 0.052083333333333336
0 0.2552083333333333 0.5381944444444444 0.0078125 0.014756944444444444
2 0.3151041666666667 0.4331597222222222 0.014756944444444444 0.03819444444444445
3 0.3680555555555556 0.3246527777777778 0.006944444444444444 0.028645833333333332