2 0.6519097222222222 0.3532986111111111 0.006944444444444444 0.029513888888888888
2 0.4713541666666667 0.3732638888888889 0.009548611111111112 0.036458333333333336
2 0.8003472222222222 0.4027777777777778 0.009548611111111112 0.035590277777777776
3 0.6519097222222222 0.4123263888888889 0.013020833333333334 0.04079861111111111
2 0.5642361111111112 0.3810763888888889 0.008680555555555556 0.035590277777777776
1 0.08506944444444445 0.4904513888888889 0.012152777777777778 0.046875
2 0.8090277777777778 0.4244791666666667 0.009548611111111112 0.035590277777777776
2 0.3203125 0.3967013888888889 0.0078125 0.035590277777777776
2 0.46875 0.4539930555555556 0.008680555555555556 0.04600694444444445
2 0.6848958333333334 0.4427083333333333 0.008680555555555556 0.044270833333333336
2 0.6310763888888888 0.4375 0.009548611111111112 0.04513888888888889
2 0.20052083333333334 0.4678819444444444 0.012152777777777778 0.041666666666666664
2 0.24479166666666666 0.4704861111111111 0.009548611111111112 0.049479166666666664
2 0.8420138888888888 0.4375 0.012152777777777778 0.041666666666666664
2 0.6536458333333334 0.5295138888888888 0.011284722222222222 0.0546875
2 0.4105902777777778 0.5078125 0.013888888888888888 0.05381944444444445
2 0.84375 0.5616319444444444 0.013888888888888888 0.06163194444444445
2 0.8663194444444444 0.5373263888888888 0.014756944444444444 0.057291666666666664
2 0.5980902777777778 0.6892361111111112 0.015625 0.078125
2 0.5807291666666666 0.5711805555555556 0.017361111111111112 0.058159722222222224
2 0.890625 0.6076388888888888 0.015625 0.06770833333333333
2 0.4713541666666667 0.6163194444444444 0.012152777777777778 0.0720486111111111
0 0.09461805555555555 0.5182291666666666 0.005208333333333333 0.012152777777777778
3 0.4184027777777778 0.3255208333333333 0.006944444444444444 0.028645833333333332