2 0.3472222222222222 0.3307291666666667 0.006944444444444444 0.033854166666666664
1 0.1987847222222222 0.3428819444444444 0.009548611111111112 0.036458333333333336
2 0.3411458333333333 0.3454861111111111 0.0078125 0.035590277777777776
3 0.4201388888888889 0.2769097222222222 0.006944444444444444 0.026909722222222224
2 0.4409722222222222 0.3107638888888889 0.006076388888888889 0.028645833333333332
2 0.3272569444444444 0.3272569444444444 0.0078125 0.03732638888888889
2 0.6840277777777778 0.3194444444444444 0.0078125 0.027777777777777776
2 0.5008680555555556 0.3168402777777778 0.006944444444444444 0.033854166666666664
2 0.296875 0.3463541666666667 0.012152777777777778 0.0390625
2 0.3628472222222222 0.3541666666666667 0.008680555555555556 0.036458333333333336
2 0.3298611111111111 0.3810763888888889 0.013020833333333334 0.041666666666666664
2 0.3871527777777778 0.3272569444444444 0.008680555555555556 0.03993055555555555
2 0.4991319444444444 0.3585069444444444 0.0078125 0.042534722222222224
2 0.5651041666666666 0.3229166666666667 0.0078125 0.03819444444444445
2 0.265625 0.3715277777777778 0.009548611111111112 0.044270833333333336
2 0.8003472222222222 0.3472222222222222 0.0078125 0.0390625
2 0.7673611111111112 0.3411458333333333 0.012152777777777778 0.035590277777777776
2 0.8159722222222222 0.4548611111111111 0.012152777777777778 0.058159722222222224
2 0.7994791666666666 0.4383680555555556 0.012152777777777778 0.057291666666666664
2 0.8663194444444444 0.4123263888888889 0.012152777777777778 0.052083333333333336
3 0.9652777777777778 0.8715277777777778 0.025173611111111112 0.11197916666666667
3 0.5008680555555556 0.3420138888888889 0.017361111111111112 0.03993055555555555
2 0.4644097222222222 0.2890625 0.011284722222222222 0.027777777777777776
2 0.4756944444444444 0.2960069444444444 0.009548611111111112 0.03125
0 0.4826388888888889 0.2986111111111111 0.004340277777777778 0.0078125