1 0.2126736111111111 0.3385416666666667 0.008680555555555556 0.03732638888888889
2 0.4322916666666667 0.3125 0.008680555555555556 0.036458333333333336
2 0.4383680555555556 0.3246527777777778 0.006944444444444444 0.028645833333333332
2 0.3454861111111111 0.3315972222222222 0.010416666666666666 0.0390625
2 0.3159722222222222 0.3394097222222222 0.009548611111111112 0.033854166666666664
2 0.3515625 0.3585069444444444 0.010416666666666666 0.03819444444444445
2 0.4192708333333333 0.3628472222222222 0.011284722222222222 0.0390625
2 0.7274305555555556 0.34375 0.0078125 0.0390625
2 0.3003472222222222 0.3411458333333333 0.008680555555555556 0.03819444444444445
2 0.2899305555555556 0.3776041666666667 0.009548611111111112 0.041666666666666664
2 0.2786458333333333 0.3680555555555556 0.008680555555555556 0.041666666666666664
2 0.5885416666666666 0.3532986111111111 0.011284722222222222 0.044270833333333336
2 0.4965277777777778 0.3394097222222222 0.0078125 0.03732638888888889
3 0.4696180555555556 0.3619791666666667 0.011284722222222222 0.04079861111111111
2 0.5286458333333334 0.3663194444444444 0.008680555555555556 0.043402777777777776
2 0.8940972222222222 0.3819444444444444 0.006944444444444444 0.04513888888888889
2 0.8506944444444444 0.3654513888888889 0.013020833333333334 0.041666666666666664
2 0.8993055555555556 0.4479166666666667 0.016493055555555556 0.059027777777777776
2 0.8602430555555556 0.4644097222222222 0.010416666666666666 0.059895833333333336
2 0.8645833333333334 0.4895833333333333 0.015625 0.06510416666666667
2 0.3671875 0.3177083333333333 0.011284722222222222 0.025173611111111112
2 0.3767361111111111 0.3133680555555556 0.012152777777777778 0.03125
0 0.3828125 0.3263888888888889 0.003472222222222222 0.006944444444444444
3 0.4375 0.2725694444444444 0.006944444444444444 0.027777777777777776