0 0.4001736111111111 0.3767361111111111 0.004340277777777778 0.011284722222222222
3 0.13802083333333334 0.2864583333333333 0.008680555555555556 0.0390625
2 0.6675347222222222 0.3203125 0.008680555555555556 0.0390625
2 0.4444444444444444 0.2977430555555556 0.0078125 0.029513888888888888
2 0.5121527777777778 0.2786458333333333 0.006944444444444444 0.034722222222222224
2 0.5486111111111112 0.2916666666666667 0.010416666666666666 0.0390625
2 0.4696180555555556 0.2717013888888889 0.006076388888888889 0.03211805555555555
2 0.5859375 0.2925347222222222 0.0078125 0.036458333333333336
1 0.8576388888888888 0.3168402777777778 0.011284722222222222 0.04079861111111111
2 0.3480902777777778 0.2769097222222222 0.006944444444444444 0.030381944444444444
2 0.3585069444444444 0.2795138888888889 0.008680555555555556 0.033854166666666664
2 0.3133680555555556 0.2942708333333333 0.009548611111111112 0.035590277777777776
3 0.4409722222222222 0.3255208333333333 0.009548611111111112 0.043402777777777776
2 0.5798611111111112 0.2942708333333333 0.006944444444444444 0.035590277777777776
2 0.13975694444444445 0.3125 0.010416666666666666 0.04513888888888889
2 0.15625 0.3107638888888889 0.010416666666666666 0.041666666666666664
2 0.11979166666666667 0.3585069444444444 0.011284722222222222 0.044270833333333336
2 0.4756944444444444 0.3038194444444444 0.008680555555555556 0.041666666666666664
2 0.1284722222222222 0.3940972222222222 0.009548611111111112 0.049479166666666664
2 0.6493055555555556 0.3246527777777778 0.012152777777777778 0.04600694444444445
2 0.4652777777777778 0.3263888888888889 0.010416666666666666 0.041666666666666664
2 0.2517361111111111 0.4123263888888889 0.0234375 0.052083333333333336
2 0.6649305555555556 0.3446180555555556 0.011284722222222222 0.04774305555555555
2 0.4392361111111111 0.3463541666666667 0.013888888888888888 0.03211805555555555