2 0.8055555555555556 0.3020833333333333 0.009548611111111112 0.026909722222222224
2 0.71875 0.2994791666666667 0.006944444444444444 0.029513888888888888
2 0.4027777777777778 0.4071180555555556 0.009548611111111112 0.046875
1 0.020833333333333332 0.4305555555555556 0.009548611111111112 0.049479166666666664
2 0.8845486111111112 0.4244791666666667 0.013888888888888888 0.044270833333333336
2 0.5616319444444444 0.3237847222222222 0.006944444444444444 0.035590277777777776
2 0.5989583333333334 0.3741319444444444 0.0078125 0.03993055555555555
2 0.4053819444444444 0.5008680555555556 0.010416666666666666 0.05555555555555555
2 0.5052083333333334 0.4592013888888889 0.0078125 0.046875
2 0.6805555555555556 0.359375 0.011284722222222222 0.03819444444444445
2 0.6293402777777778 0.3715277777777778 0.009548611111111112 0.0390625
2 0.4088541666666667 0.3671875 0.0078125 0.041666666666666664
3 0.6119791666666666 0.4236111111111111 0.012152777777777778 0.04513888888888889
2 0.5269097222222222 0.4782986111111111 0.009548611111111112 0.051215277777777776
2 0.8220486111111112 0.5112847222222222 0.014756944444444444 0.052083333333333336
2 0.4097222222222222 0.5729166666666666 0.015625 0.057291666666666664
2 0.8020833333333334 0.4201388888888889 0.013020833333333334 0.044270833333333336
2 0.5555555555555556 0.7057291666666666 0.013888888888888888 0.06597222222222222
2 0.5911458333333334 0.7074652777777778 0.017361111111111112 0.06944444444444445
2 0.8237847222222222 0.6449652777777778 0.021701388888888888 0.06336805555555555
2 0.8802083333333334 0.4131944444444444 0.012152777777777778 0.04513888888888889
0 0.796875 0.3133680555555556 0.003472222222222222 0.006076388888888889
3 0.3993055555555556 0.2864583333333333 0.0078125 0.030381944444444444