3 0.1111111111111111 0.2699652777777778 0.008680555555555556 0.03298611111111111
1 0.8333333333333334 0.3428819444444444 0.016493055555555556 0.036458333333333336
2 0.6536458333333334 0.3559027777777778 0.012152777777777778 0.03993055555555555
2 0.3498263888888889 0.3342013888888889 0.009548611111111112 0.042534722222222224
3 0.4765625 0.3793402777777778 0.009548611111111112 0.04600694444444445
2 0.5260416666666666 0.4140625 0.011284722222222222 0.04600694444444445
2 0.4071180555555556 0.4565972222222222 0.008680555555555556 0.05642361111111111
2 0.3993055555555556 0.453125 0.015625 0.057291666666666664
2 0.1467013888888889 0.4670138888888889 0.011284722222222222 0.059027777777777776
2 0.6779513888888888 0.3628472222222222 0.016493055555555556 0.03993055555555555
2 0.20225694444444445 0.7430555555555556 0.014756944444444444 0.07725694444444445
2 0.7300347222222222 0.4105902777777778 0.017361111111111112 0.046875
2 0.5642361111111112 0.3897569444444444 0.014756944444444444 0.046875
2 0.5104166666666666 0.3663194444444444 0.016493055555555556 0.046875
2 0.5451388888888888 0.4435763888888889 0.010416666666666666 0.05381944444444445
2 0.11197916666666667 0.6024305555555556 0.017361111111111112 0.07118055555555555
2 0.16493055555555555 0.4539930555555556 0.016493055555555556 0.05295138888888889
2 0.4253472222222222 0.5069444444444444 0.012152777777777778 0.058159722222222224
2 0.7395833333333334 0.5121527777777778 0.014756944444444444 0.05381944444444445
2 0.13194444444444445 0.7204861111111112 0.020833333333333332 0.0842013888888889
2 0.3854166666666667 0.5946180555555556 0.0234375 0.059895833333333336
2 0.6597222222222222 0.3498263888888889 0.011284722222222222 0.03732638888888889
2 0.6501736111111112 0.3454861111111111 0.015625 0.046875