2 0.6597222222222222 0.3072916666666667 0.009548611111111112 0.027777777777777776
2 0.4071180555555556 0.4453125 0.0078125 0.043402777777777776
2 0.6345486111111112 0.3611111111111111 0.009548611111111112 0.03732638888888889
2 0.5399305555555556 0.3229166666666667 0.009548611111111112 0.033854166666666664
2 0.5972222222222222 0.3802083333333333 0.008680555555555556 0.03819444444444445
2 0.4453125 0.375 0.011284722222222222 0.0390625
2 0.7465277777777778 0.3289930555555556 0.008680555555555556 0.036458333333333336
2 0.4279513888888889 0.3958333333333333 0.006944444444444444 0.041666666666666664
2 0.5069444444444444 0.4418402777777778 0.010416666666666666 0.04774305555555555
2 0.7734375 0.3723958333333333 0.011284722222222222 0.03819444444444445
2 0.40625 0.4904513888888889 0.011284722222222222 0.05555555555555555
1 0.07118055555555555 0.4123263888888889 0.009548611111111112 0.04600694444444445
2 0.5520833333333334 0.4722222222222222 0.010416666666666666 0.050347222222222224
2 0.7100694444444444 0.4019097222222222 0.009548611111111112 0.03993055555555555
2 0.6736111111111112 0.3810763888888889 0.006944444444444444 0.04079861111111111
3 0.5217013888888888 0.4253472222222222 0.006944444444444444 0.04513888888888889
2 0.9236111111111112 0.4609375 0.011284722222222222 0.04774305555555555
2 0.8029513888888888 0.4357638888888889 0.013888888888888888 0.049479166666666664
2 0.3949652777777778 0.6215277777777778 0.014756944444444444 0.057291666666666664
2 0.7569444444444444 0.6475694444444444 0.013888888888888888 0.06510416666666667
2 0.4435763888888889 0.7178819444444444 0.019965277777777776 0.06684027777777778
0 0.7630208333333334 0.3880208333333333 0.005208333333333333 0.010416666666666666
2 0.4461805555555556 0.3654513888888889 0.009548611111111112 0.043402777777777776
3 0.4479166666666667 0.2838541666666667 0.006944444444444444 0.029513888888888888