2 0.6510416666666666 0.3359375 0.008680555555555556 0.03298611111111111
2 0.4236111111111111 0.34375 0.006944444444444444 0.03993055555555555
2 0.7265625 0.2951388888888889 0.008680555555555556 0.03211805555555555
2 0.7795138888888888 0.2934027777777778 0.0078125 0.030381944444444444
2 0.4262152777777778 0.3741319444444444 0.009548611111111112 0.04513888888888889
2 0.4157986111111111 0.3828125 0.008680555555555556 0.04513888888888889
2 0.6501736111111112 0.3611111111111111 0.011284722222222222 0.04079861111111111
2 0.4852430555555556 0.4244791666666667 0.011284722222222222 0.046875
2 0.5520833333333334 0.3064236111111111 0.006944444444444444 0.03211805555555555
1 0.006944444444444444 0.4114583333333333 0.012152777777777778 0.049479166666666664
2 0.5946180555555556 0.3532986111111111 0.011284722222222222 0.04079861111111111
2 0.5251736111111112 0.4548611111111111 0.013888888888888888 0.050347222222222224
2 0.8706597222222222 0.4279513888888889 0.012152777777777778 0.050347222222222224
2 0.7838541666666666 0.3628472222222222 0.009548611111111112 0.04079861111111111
2 0.75 0.4435763888888889 0.013020833333333334 0.04774305555555555
2 0.9279513888888888 0.4322916666666667 0.011284722222222222 0.050347222222222224
3 0.5729166666666666 0.4071180555555556 0.009548611111111112 0.04774305555555555
2 0.3767361111111111 0.453125 0.012152777777777778 0.05381944444444445
2 0.4270833333333333 0.6692708333333334 0.017361111111111112 0.06510416666666667
2 0.8029513888888888 0.6510416666666666 0.015625 0.06770833333333333
2 0.3897569444444444 0.5303819444444444 0.011284722222222222 0.06076388888888889
2 0.5104166666666666 0.7109375 0.024305555555555556 0.0685763888888889
3 0.4236111111111111 0.2699652777777778 0.006944444444444444 0.03211805555555555
0 0.7378472222222222 0.3203125 0.006076388888888889 0.008680555555555556