2 0.8888888888888888 0.4878472222222222 0.009548611111111112 0.03993055555555555
2 0.8784722222222222 0.4887152777777778 0.012152777777777778 0.044270833333333336
2 0.4340277777777778 0.3819444444444444 0.008680555555555556 0.033854166666666664
3 0.5130208333333334 0.4592013888888889 0.008680555555555556 0.044270833333333336
2 0.6875 0.4262152777777778 0.008680555555555556 0.043402777777777776
2 0.5677083333333334 0.4887152777777778 0.009548611111111112 0.049479166666666664
2 0.6024305555555556 0.4175347222222222 0.0078125 0.0390625
2 0.1935763888888889 0.4557291666666667 0.011284722222222222 0.03993055555555555
2 0.4444444444444444 0.4279513888888889 0.011284722222222222 0.04079861111111111
2 0.6267361111111112 0.5112847222222222 0.011284722222222222 0.052083333333333336
2 0.2942708333333333 0.4045138888888889 0.012152777777777778 0.03732638888888889
2 0.640625 0.5486111111111112 0.014756944444444444 0.051215277777777776
2 0.4869791666666667 0.625 0.012152777777777778 0.059027777777777776
2 0.1779513888888889 0.8315972222222222 0.019965277777777776 0.08159722222222222
2 0.1328125 0.5564236111111112 0.013020833333333334 0.05555555555555555
2 0.6493055555555556 0.6493055555555556 0.011284722222222222 0.059895833333333336
2 0.5269097222222222 0.6614583333333334 0.016493055555555556 0.06336805555555555
2 0.4175347222222222 0.5399305555555556 0.009548611111111112 0.05295138888888889
2 0.2543402777777778 0.5842013888888888 0.011284722222222222 0.0546875
2 0.5598958333333334 0.6710069444444444 0.011284722222222222 0.057291666666666664
2 0.14930555555555555 0.7300347222222222 0.020833333333333332 0.07378472222222222
3 0.08159722222222222 0.3532986111111111 0.008680555555555556 0.035590277777777776