2 0.3298611111111111 0.3576388888888889 0.009548611111111112 0.03211805555555555
1 0.9088541666666666 0.3697916666666667 0.009548611111111112 0.03298611111111111
2 0.4314236111111111 0.3715277777777778 0.014756944444444444 0.03732638888888889
2 0.5416666666666666 0.3220486111111111 0.0078125 0.03298611111111111
2 0.6388888888888888 0.3940972222222222 0.014756944444444444 0.03732638888888889
2 0.5798611111111112 0.4036458333333333 0.013020833333333334 0.03732638888888889
2 0.4418402777777778 0.4661458333333333 0.009548611111111112 0.04600694444444445
3 0.4791666666666667 0.4418402777777778 0.013888888888888888 0.04513888888888889
2 0.7230902777777778 0.4105902777777778 0.0078125 0.046875
2 0.7065972222222222 0.5546875 0.014756944444444444 0.049479166666666664
2 0.3125 0.4157986111111111 0.0078125 0.04600694444444445
2 0.5138888888888888 0.5078125 0.008680555555555556 0.05295138888888889
2 0.2786458333333333 0.4357638888888889 0.013888888888888888 0.04774305555555555
3 0.9383680555555556 0.7552083333333334 0.024305555555555556 0.078125
2 0.21354166666666666 0.5598958333333334 0.011284722222222222 0.059027777777777776
2 0.7734375 0.5338541666666666 0.013888888888888888 0.058159722222222224
2 0.6137152777777778 0.5104166666666666 0.011284722222222222 0.052083333333333336
2 0.6293402777777778 0.4756944444444444 0.010416666666666666 0.04600694444444445
2 0.4270833333333333 0.4826388888888889 0.018229166666666668 0.04600694444444445
2 0.5407986111111112 0.4939236111111111 0.014756944444444444 0.052083333333333336
2 0.2847222222222222 0.671875 0.021701388888888888 0.06076388888888889
2 0.3784722222222222 0.5902777777777778 0.018229166666666668 0.0546875
2 0.2065972222222222 0.6684027777777778 0.0234375 0.06684027777777778
0 0.6050347222222222 0.4791666666666667 0.005208333333333333 0.012152777777777778
3 0.2682291666666667 0.2578125 0.008680555555555556 0.033854166666666664