2 0.5989583333333334 0.2760416666666667 0.008680555555555556 0.030381944444444444
2 0.2986111111111111 0.3090277777777778 0.010416666666666666 0.0390625
2 0.6579861111111112 0.3932291666666667 0.009548611111111112 0.043402777777777776
2 0.5694444444444444 0.3177083333333333 0.010416666666666666 0.033854166666666664
2 0.7934027777777778 0.3723958333333333 0.008680555555555556 0.04079861111111111
2 0.7569444444444444 0.3428819444444444 0.006944444444444444 0.03732638888888889
2 0.7517361111111112 0.5243055555555556 0.0078125 0.05555555555555555
2 0.7430555555555556 0.4739583333333333 0.009548611111111112 0.049479166666666664
2 0.7847222222222222 0.3585069444444444 0.0078125 0.041666666666666664
2 0.7751736111111112 0.5772569444444444 0.011284722222222222 0.059895833333333336
1 0.2109375 0.3845486111111111 0.013888888888888888 0.04774305555555555
2 0.10243055555555555 0.4670138888888889 0.010416666666666666 0.04774305555555555
2 0.7048611111111112 0.3524305555555556 0.0078125 0.03732638888888889
2 0.3428819444444444 0.421875 0.008680555555555556 0.049479166666666664
2 0.4505208333333333 0.3810763888888889 0.0078125 0.03993055555555555
3 0.6284722222222222 0.3862847222222222 0.006944444444444444 0.042534722222222224
2 0.796875 0.4887152777777778 0.008680555555555556 0.05555555555555555
2 0.4305555555555556 0.4175347222222222 0.008680555555555556 0.049479166666666664
2 0.7239583333333334 0.6128472222222222 0.016493055555555556 0.06336805555555555
2 0.3506944444444444 0.7647569444444444 0.019097222222222224 0.07378472222222222
2 0.6449652777777778 0.6032986111111112 0.012152777777777778 0.06336805555555555
2 0.5086805555555556 0.6232638888888888 0.013888888888888888 0.06163194444444445
3 0.8532986111111112 0.9314236111111112 0.025173611111111112 0.0859375
0 0.2282986111111111 0.4045138888888889 0.005208333333333333 0.010416666666666666
3 0.359375 0.24479166666666666 0.009548611111111112 0.03298611111111111