2 0.4114583333333333 0.328125 0.006944444444444444 0.03125
2 0.7048611111111112 0.3897569444444444 0.008680555555555556 0.036458333333333336
2 0.4019097222222222 0.4348958333333333 0.008680555555555556 0.042534722222222224
2 0.2543402777777778 0.4748263888888889 0.008680555555555556 0.044270833333333336
2 0.4184027777777778 0.3784722222222222 0.006076388888888889 0.03732638888888889
1 0.8776041666666666 0.4496527777777778 0.009548611111111112 0.041666666666666664
2 0.3506944444444444 0.6996527777777778 0.013888888888888888 0.06163194444444445
2 0.2864583333333333 0.4635416666666667 0.010416666666666666 0.042534722222222224
3 0.3680555555555556 0.4921875 0.009548611111111112 0.049479166666666664
2 0.2829861111111111 0.3949652777777778 0.008680555555555556 0.0390625
2 0.4444444444444444 0.4088541666666667 0.009548611111111112 0.0390625
2 0.6675347222222222 0.5685763888888888 0.010416666666666666 0.051215277777777776
2 0.3524305555555556 0.5607638888888888 0.010416666666666666 0.052083333333333336
2 0.5642361111111112 0.6744791666666666 0.011284722222222222 0.05555555555555555
2 0.6241319444444444 0.4592013888888889 0.009548611111111112 0.04600694444444445
2 0.2760416666666667 0.5746527777777778 0.011284722222222222 0.0546875
2 0.22135416666666666 0.5685763888888888 0.010416666666666666 0.057291666666666664
2 0.2647569444444444 0.6866319444444444 0.016493055555555556 0.06076388888888889
2 0.7413194444444444 0.7517361111111112 0.009548611111111112 0.06770833333333333
3 0.9765625 0.7456597222222222 0.019965277777777776 0.06597222222222222
2 0.8576388888888888 0.6085069444444444 0.012152777777777778 0.059027777777777776
2 0.5329861111111112 0.5095486111111112 0.011284722222222222 0.046875
2 0.1909722222222222 0.6137152777777778 0.013020833333333334 0.06336805555555555
0 0.7074652777777778 0.4149305555555556 0.004340277777777778 0.0078125
3 0.2569444444444444 0.3133680555555556 0.006076388888888889 0.028645833333333332