2 0.5989583333333334 0.2994791666666667 0.008680555555555556 0.030381944444444444
2 0.5112847222222222 0.328125 0.0078125 0.03298611111111111
2 0.6015625 0.3619791666666667 0.006944444444444444 0.035590277777777776
2 0.4253472222222222 0.3810763888888889 0.0078125 0.0390625
2 0.4904513888888889 0.4470486111111111 0.009548611111111112 0.04600694444444445
2 0.6310763888888888 0.3845486111111111 0.008680555555555556 0.036458333333333336
2 0.5520833333333334 0.3993055555555556 0.009548611111111112 0.03993055555555555
2 0.3732638888888889 0.6310763888888888 0.011284722222222222 0.059895833333333336
2 0.5138888888888888 0.4800347222222222 0.009548611111111112 0.046875
2 0.6979166666666666 0.4019097222222222 0.010416666666666666 0.0390625
2 0.7274305555555556 0.3411458333333333 0.0078125 0.036458333333333336
2 0.4166666666666667 0.4123263888888889 0.009548611111111112 0.043402777777777776
2 0.7109375 0.453125 0.009548611111111112 0.046875
2 0.3871527777777778 0.4618055555555556 0.009548611111111112 0.04774305555555555
2 0.7222222222222222 0.3862847222222222 0.006944444444444444 0.03819444444444445
2 0.3993055555555556 0.4592013888888889 0.006944444444444444 0.052083333333333336
2 0.9166666666666666 0.4748263888888889 0.008680555555555556 0.044270833333333336
2 0.5043402777777778 0.4921875 0.012152777777777778 0.046875
1 0.0842013888888889 0.4131944444444444 0.012152777777777778 0.044270833333333336
2 0.7309027777777778 0.6814236111111112 0.015625 0.06770833333333333
2 0.3541666666666667 0.7934027777777778 0.016493055555555556 0.07291666666666667
0 0.9027777777777778 0.4939236111111111 0.005208333333333333 0.010416666666666666
2 0.4401041666666667 0.2838541666666667 0.006944444444444444 0.028645833333333332
2 0.4227430555555556 0.375 0.008680555555555556 0.03819444444444445