2 0.3958333333333333 0.4010416666666667 0.008680555555555556 0.042534722222222224
2 0.375 0.4322916666666667 0.009548611111111112 0.04079861111111111
2 0.4036458333333333 0.4071180555555556 0.013888888888888888 0.041666666666666664
2 0.4765625 0.3394097222222222 0.010416666666666666 0.03298611111111111
2 0.6545138888888888 0.4105902777777778 0.008680555555555556 0.04079861111111111
2 0.4453125 0.5399305555555556 0.013888888888888888 0.051215277777777776
2 0.6649305555555556 0.4184027777777778 0.008680555555555556 0.0390625
2 0.5789930555555556 0.3880208333333333 0.009548611111111112 0.03819444444444445
2 0.4861111111111111 0.4210069444444444 0.009548611111111112 0.0390625
2 0.3854166666666667 0.4375 0.010416666666666666 0.046875
2 0.6380208333333334 0.5034722222222222 0.009548611111111112 0.052083333333333336
3 0.4583333333333333 0.46875 0.008680555555555556 0.04600694444444445
2 0.7213541666666666 0.3637152777777778 0.008680555555555556 0.03819444444444445
2 0.5572916666666666 0.390625 0.009548611111111112 0.03819444444444445
2 0.34375 0.484375 0.012152777777777778 0.050347222222222224
1 0.08680555555555555 0.4210069444444444 0.014756944444444444 0.046875
2 0.4184027777777778 0.4982638888888889 0.017361111111111112 0.04774305555555555
3 0.9887152777777778 0.9088541666666666 0.022569444444444444 0.08159722222222222
2 0.2951388888888889 0.6579861111111112 0.013020833333333334 0.059027777777777776
2 0.6440972222222222 0.7039930555555556 0.014756944444444444 0.0685763888888889
2 0.8420138888888888 0.5078125 0.011284722222222222 0.050347222222222224
2 0.2534722222222222 0.8203125 0.016493055555555556 0.07899305555555555
3 0.4383680555555556 0.2821180555555556 0.0078125 0.027777777777777776
2 0.5928819444444444 0.3116319444444444 0.0078125 0.035590277777777776