2 0.3611111111111111 0.5894097222222222 0.009548611111111112 0.0390625
0 0.5295138888888888 0.7282986111111112 0.006076388888888889 0.011284722222222222
2 0.421875 0.3732638888888889 0.008680555555555556 0.04079861111111111
2 0.3637152777777778 0.6336805555555556 0.022569444444444444 0.06510416666666667
2 0.19791666666666666 0.7057291666666666 0.011284722222222222 0.06510416666666667
2 0.6423611111111112 0.3871527777777778 0.008680555555555556 0.0390625
1 0.1423611111111111 0.4123263888888889 0.014756944444444444 0.043402777777777776
2 0.4539930555555556 0.5633680555555556 0.011284722222222222 0.052083333333333336
2 0.4418402777777778 0.4253472222222222 0.008680555555555556 0.044270833333333336
2 0.23697916666666666 0.5920138888888888 0.009548611111111112 0.059895833333333336
2 0.3532986111111111 0.4140625 0.012152777777777778 0.04513888888888889
2 0.3394097222222222 0.4210069444444444 0.009548611111111112 0.04513888888888889
2 0.3038194444444444 0.4869791666666667 0.008680555555555556 0.051215277777777776
3 0.453125 0.5008680555555556 0.012152777777777778 0.049479166666666664
3 0.8342013888888888 0.9401041666666666 0.019965277777777776 0.08159722222222222
2 0.2074652777777778 0.609375 0.014756944444444444 0.06163194444444445
2 0.7569444444444444 0.6440972222222222 0.016493055555555556 0.0642361111111111
2 0.4045138888888889 0.6857638888888888 0.0234375 0.0685763888888889
2 0.7335069444444444 0.4678819444444444 0.012152777777777778 0.050347222222222224
2 0.5989583333333334 0.5095486111111112 0.015625 0.04600694444444445
2 0.3776041666666667 0.7395833333333334 0.011284722222222222 0.0720486111111111
2 0.5390625 0.7048611111111112 0.011284722222222222 0.0685763888888889
2 0.5060763888888888 0.5746527777777778 0.012152777777777778 0.0546875
2 0.6840277777777778 0.6223958333333334 0.013020833333333334 0.06770833333333333
3 0.4539930555555556 0.2916666666666667 0.009548611111111112 0.03125