3 0.4809027777777778 0.2899305555555556 0.006944444444444444 0.027777777777777776
2 0.5026041666666666 0.3506944444444444 0.010416666666666666 0.035590277777777776
2 0.6345486111111112 0.3342013888888889 0.0078125 0.03211805555555555
2 0.5564236111111112 0.5989583333333334 0.014756944444444444 0.043402777777777776
2 0.6171875 0.4505208333333333 0.006944444444444444 0.042534722222222224
2 0.3949652777777778 0.4383680555555556 0.010416666666666666 0.04513888888888889
2 0.2829861111111111 0.6744791666666666 0.011284722222222222 0.051215277777777776
2 0.7873263888888888 0.3923611111111111 0.009548611111111112 0.0390625
2 0.5138888888888888 0.4635416666666667 0.009548611111111112 0.04513888888888889
2 0.6736111111111112 0.4149305555555556 0.006076388888888889 0.03993055555555555
2 0.4027777777777778 0.4071180555555556 0.009548611111111112 0.046875
2 0.6501736111111112 0.7543402777777778 0.014756944444444444 0.07378472222222222
2 0.2838541666666667 0.7282986111111112 0.014756944444444444 0.06770833333333333
2 0.3836805555555556 0.4965277777777778 0.011284722222222222 0.04774305555555555
2 0.6276041666666666 0.4765625 0.008680555555555556 0.050347222222222224
2 0.6918402777777778 0.5234375 0.013888888888888888 0.04513888888888889
1 0.1675347222222222 0.40625 0.010416666666666666 0.042534722222222224
3 0.9739583333333334 0.9626736111111112 0.017361111111111112 0.07465277777777778
2 0.3741319444444444 0.4965277777777778 0.008680555555555556 0.052083333333333336
2 0.4930555555555556 0.3975694444444444 0.006944444444444444 0.03993055555555555
3 0.4730902777777778 0.4791666666666667 0.011284722222222222 0.051215277777777776
2 0.4453125 0.5295138888888888 0.013020833333333334 0.050347222222222224
2 0.8350694444444444 0.5486111111111112 0.020833333333333332 0.05295138888888889
0 0.8342013888888888 0.5703125 0.006076388888888889 0.011284722222222222