2 0.7352430555555556 0.3446180555555556 0.006944444444444444 0.036458333333333336
2 0.5807291666666666 0.3229166666666667 0.006944444444444444 0.036458333333333336
2 0.6710069444444444 0.3532986111111111 0.006944444444444444 0.036458333333333336
2 0.7690972222222222 0.3741319444444444 0.008680555555555556 0.041666666666666664
2 0.6666666666666666 0.3914930555555556 0.009548611111111112 0.03819444444444445
2 0.3029513888888889 0.3142361111111111 0.012152777777777778 0.033854166666666664
2 0.7456597222222222 0.3602430555555556 0.011284722222222222 0.04079861111111111
2 0.5190972222222222 0.5885416666666666 0.009548611111111112 0.05381944444444445
2 0.7248263888888888 0.4557291666666667 0.013888888888888888 0.043402777777777776
2 0.4496527777777778 0.4322916666666667 0.011284722222222222 0.04774305555555555
2 0.4592013888888889 0.3940972222222222 0.0078125 0.03993055555555555
2 0.6961805555555556 0.5173611111111112 0.010416666666666666 0.0546875
2 0.7864583333333334 0.4730902777777778 0.009548611111111112 0.052083333333333336
1 0.1953125 0.3949652777777778 0.014756944444444444 0.04600694444444445
3 0.6293402777777778 0.3862847222222222 0.011284722222222222 0.043402777777777776
2 0.3046875 0.4392361111111111 0.008680555555555556 0.04774305555555555
3 0.8880208333333334 0.9392361111111112 0.027777777777777776 0.09114583333333333
2 0.7109375 0.6006944444444444 0.016493055555555556 0.0642361111111111
2 0.7439236111111112 0.5711805555555556 0.016493055555555556 0.06076388888888889
2 0.11979166666666667 0.5381944444444444 0.011284722222222222 0.059895833333333336
2 0.6276041666666666 0.5677083333333334 0.017361111111111112 0.057291666666666664
2 0.4357638888888889 0.828125 0.028645833333333332 0.07465277777777778
0 0.2682291666666667 0.3793402777777778 0.005208333333333333 0.011284722222222222
3 0.3585069444444444 0.2543402777777778 0.0078125 0.029513888888888888