3 0.24479166666666666 0.2673611111111111 0.008680555555555556 0.029513888888888888
2 0.6684027777777778 0.3793402777777778 0.012152777777777778 0.04774305555555555
2 0.6770833333333334 0.3402777777777778 0.013888888888888888 0.04513888888888889
2 0.4210069444444444 0.4010416666666667 0.009548611111111112 0.04774305555555555
2 0.6805555555555556 0.3776041666666667 0.016493055555555556 0.051215277777777776
2 0.5902777777777778 0.3645833333333333 0.010416666666666666 0.041666666666666664
2 0.5208333333333334 0.3420138888888889 0.006944444444444444 0.042534722222222224
2 0.2994791666666667 0.3272569444444444 0.012152777777777778 0.042534722222222224
2 0.1527777777777778 0.3854166666666667 0.019097222222222224 0.051215277777777776
2 0.15711805555555555 0.4331597222222222 0.015625 0.05555555555555555
2 0.4296875 0.4973958333333333 0.011284722222222222 0.05555555555555555
2 0.3819444444444444 0.3515625 0.011284722222222222 0.04513888888888889
2 0.3515625 0.9782986111111112 0.019097222222222224 0.04079861111111111
2 0.6041666666666666 0.390625 0.011284722222222222 0.046875
2 0.125 0.4947916666666667 0.019965277777777776 0.059027777777777776
3 0.5347222222222222 0.4305555555555556 0.013888888888888888 0.051215277777777776
2 0.4522569444444444 0.4262152777777778 0.019097222222222224 0.04774305555555555
2 0.1189236111111111 0.5581597222222222 0.0234375 0.06597222222222222
2 0.7300347222222222 0.6163194444444444 0.019965277777777776 0.06336805555555555
2 0.14322916666666666 0.7335069444444444 0.022569444444444444 0.07552083333333333
2 0.7725694444444444 0.546875 0.014756944444444444 0.059027777777777776
2 0.4973958333333333 0.5390625 0.016493055555555556 0.06163194444444445
2 0.8107638888888888 0.4479166666666667 0.012152777777777778 0.05642361111111111
0 0.6631944444444444 0.3420138888888889 0.005208333333333333 0.010416666666666666