2 0.11631944444444445 0.9852430555555556 0.017361111111111112 0.027777777777777776
2 0.5121527777777778 0.3880208333333333 0.011284722222222222 0.035590277777777776
2 0.4270833333333333 0.3706597222222222 0.008680555555555556 0.034722222222222224
2 0.5876736111111112 0.4105902777777778 0.013888888888888888 0.036458333333333336
2 0.2578125 0.7942708333333334 0.013888888888888888 0.07899305555555555
2 0.796875 0.5572916666666666 0.021701388888888888 0.049479166666666664
2 0.6232638888888888 0.5590277777777778 0.016493055555555556 0.051215277777777776
2 0.6597222222222222 0.5190972222222222 0.013888888888888888 0.052083333333333336
2 0.5373263888888888 0.4244791666666667 0.008680555555555556 0.042534722222222224
2 0.3428819444444444 0.5963541666666666 0.012152777777777778 0.059895833333333336
2 0.3307291666666667 0.4383680555555556 0.010416666666666666 0.0390625
2 0.22743055555555555 0.5425347222222222 0.013020833333333334 0.0546875
2 0.2569444444444444 0.7256944444444444 0.016493055555555556 0.0720486111111111
3 0.4895833333333333 0.5078125 0.013888888888888888 0.052083333333333336
2 0.6397569444444444 0.7039930555555556 0.019097222222222224 0.0685763888888889
2 0.6032986111111112 0.6831597222222222 0.012152777777777778 0.0642361111111111
2 0.7057291666666666 0.5381944444444444 0.012152777777777778 0.051215277777777776
2 0.7048611111111112 0.4670138888888889 0.016493055555555556 0.04513888888888889
2 0.6848958333333334 0.6241319444444444 0.015625 0.05555555555555555
2 0.6223958333333334 0.6171875 0.014756944444444444 0.059895833333333336
2 0.8602430555555556 0.6024305555555556 0.019965277777777776 0.0546875
2 0.5225694444444444 0.5651041666666666 0.011284722222222222 0.059895833333333336
0 0.8689236111111112 0.5329861111111112 0.005208333333333333 0.009548611111111112
1 0.8454861111111112 0.4296875 0.020833333333333332 0.033854166666666664
3 0.18229166666666666 0.3289930555555556 0.008680555555555556 0.035590277777777776