2 0.7864583333333334 0.3784722222222222 0.0078125 0.044270833333333336
2 0.7777777777777778 0.3463541666666667 0.0078125 0.03732638888888889
2 0.7899305555555556 0.3671875 0.011284722222222222 0.04600694444444445
2 0.7439236111111112 0.5234375 0.008680555555555556 0.05381944444444445
2 0.5668402777777778 0.28125 0.006944444444444444 0.03211805555555555
2 0.1753472222222222 0.3776041666666667 0.014756944444444444 0.04079861111111111
2 0.7552083333333334 0.5138888888888888 0.009548611111111112 0.052083333333333336
2 0.4809027777777778 0.6232638888888888 0.009548611111111112 0.058159722222222224
2 0.2951388888888889 0.3289930555555556 0.009548611111111112 0.03819444444444445
2 0.7899305555555556 0.4852430555555556 0.008680555555555556 0.05555555555555555
3 0.5798611111111112 0.3810763888888889 0.008680555555555556 0.043402777777777776
2 0.6527777777777778 0.3958333333333333 0.009548611111111112 0.043402777777777776
2 0.08506944444444445 0.4565972222222222 0.011284722222222222 0.050347222222222224
2 0.6944444444444444 0.3585069444444444 0.008680555555555556 0.03732638888888889
2 0.4192708333333333 0.3828125 0.0078125 0.043402777777777776
2 0.5303819444444444 0.3177083333333333 0.0078125 0.036458333333333336
2 0.7309027777777778 0.6215277777777778 0.019097222222222224 0.06163194444444445
3 0.8602430555555556 0.9244791666666666 0.022569444444444444 0.0876736111111111
2 0.3559027777777778 0.7751736111111112 0.019965277777777776 0.07378472222222222
2 0.78125 0.5755208333333334 0.013888888888888888 0.059027777777777776
2 0.6692708333333334 0.6458333333333334 0.015625 0.06770833333333333
2 0.3515625 0.4470486111111111 0.012152777777777778 0.05295138888888889
2 0.4071180555555556 0.4418402777777778 0.013020833333333334 0.05295138888888889
0 0.1831597222222222 0.3958333333333333 0.005208333333333333 0.010416666666666666
3 0.3619791666666667 0.24131944444444445 0.008680555555555556 0.034722222222222224