2 0.6770833333333334 0.4184027777777778 0.012152777777777778 0.03993055555555555
2 0.8836805555555556 0.4800347222222222 0.015625 0.04513888888888889
2 0.6223958333333334 0.421875 0.006944444444444444 0.042534722222222224
2 0.8654513888888888 0.4869791666666667 0.011284722222222222 0.04774305555555555
2 0.5295138888888888 0.4782986111111111 0.013020833333333334 0.04600694444444445
2 0.5746527777777778 0.5017361111111112 0.0078125 0.049479166666666664
2 0.4175347222222222 0.3741319444444444 0.0078125 0.03211805555555555
2 0.234375 0.5807291666666666 0.009548611111111112 0.05381944444444445
3 0.5104166666666666 0.4513888888888889 0.011284722222222222 0.043402777777777776
2 0.6875 0.5946180555555556 0.009548611111111112 0.059027777777777776
2 0.17447916666666666 0.4513888888888889 0.011284722222222222 0.041666666666666664
2 0.19618055555555555 0.4348958333333333 0.009548611111111112 0.041666666666666664
2 0.4105902777777778 0.4227430555555556 0.012152777777777778 0.041666666666666664
2 0.4583333333333333 0.5842013888888888 0.011284722222222222 0.0546875
2 0.6032986111111112 0.7022569444444444 0.020833333333333332 0.06510416666666667
2 0.3645833333333333 0.5303819444444444 0.012152777777777778 0.05295138888888889
2 0.11197916666666667 0.7065972222222222 0.017361111111111112 0.06944444444444445
2 0.5355902777777778 0.6302083333333334 0.012152777777777778 0.06076388888888889
2 0.1076388888888889 0.5416666666666666 0.014756944444444444 0.05381944444444445
2 0.1284722222222222 0.8046875 0.018229166666666668 0.07899305555555555
2 0.4401041666666667 0.7421875 0.025173611111111112 0.06684027777777778
3 0.0798611111111111 0.3559027777777778 0.011284722222222222 0.03993055555555555