2 0.8203125 0.3845486111111111 0.011284722222222222 0.06510416666666667
2 0.6857638888888888 0.3793402777777778 0.008680555555555556 0.043402777777777776
2 0.8177083333333334 0.3940972222222222 0.009548611111111112 0.049479166666666664
2 0.6840277777777778 0.4175347222222222 0.011284722222222222 0.044270833333333336
2 0.7838541666666666 0.34375 0.009548611111111112 0.03819444444444445
1 0.1484375 0.3671875 0.013888888888888888 0.044270833333333336
2 0.5112847222222222 0.3003472222222222 0.008680555555555556 0.036458333333333336
2 0.8194444444444444 0.5095486111111112 0.013888888888888888 0.059027777777777776
2 0.4939236111111111 0.3185763888888889 0.008680555555555556 0.036458333333333336
2 0.3151041666666667 0.390625 0.009548611111111112 0.04513888888888889
2 0.7282986111111112 0.5130208333333334 0.008680555555555556 0.05295138888888889
2 0.4305555555555556 0.4904513888888889 0.013020833333333334 0.0546875
3 0.9340277777777778 0.9357638888888888 0.020833333333333332 0.0876736111111111
2 0.4618055555555556 0.4192708333333333 0.015625 0.04079861111111111
2 0.7890625 0.6440972222222222 0.013888888888888888 0.0703125
2 0.7760416666666666 0.5564236111111112 0.011284722222222222 0.059027777777777776
2 0.08940972222222222 0.4826388888888889 0.011284722222222222 0.05642361111111111
3 0.5677083333333334 0.3940972222222222 0.008680555555555556 0.046875
2 0.8237847222222222 0.5755208333333334 0.014756944444444444 0.058159722222222224
2 0.3342013888888889 0.5017361111111112 0.010416666666666666 0.059895833333333336
2 0.4652777777777778 0.6197916666666666 0.009548611111111112 0.0642361111111111
2 0.7204861111111112 0.6901041666666666 0.018229166666666668 0.07118055555555555
2 0.4123263888888889 0.7395833333333334 0.015625 0.078125
0 0.16666666666666666 0.3854166666666667 0.005208333333333333 0.009548611111111112
3 0.4010416666666667 0.2361111111111111 0.0078125 0.03298611111111111