3 0.12586805555555555 0.24479166666666666 0.009548611111111112 0.03993055555555555
2 0.5451388888888888 0.2465277777777778 0.011284722222222222 0.041666666666666664
2 0.2977430555555556 0.2595486111111111 0.011284722222222222 0.041666666666666664
2 0.5703125 0.2777777777777778 0.010416666666666666 0.0390625
2 0.5598958333333334 0.3420138888888889 0.011284722222222222 0.04513888888888889
2 0.3211805555555556 0.2743055555555556 0.008680555555555556 0.035590277777777776
2 0.3819444444444444 0.3602430555555556 0.010416666666666666 0.04600694444444445
2 0.6197916666666666 0.2925347222222222 0.012152777777777778 0.043402777777777776
2 0.4088541666666667 0.2899305555555556 0.009548611111111112 0.046875
2 0.3237847222222222 0.3203125 0.014756944444444444 0.04079861111111111
2 0.07291666666666667 0.3116319444444444 0.009548611111111112 0.050347222222222224
2 0.6953125 0.3671875 0.009548611111111112 0.051215277777777776
2 0.4670138888888889 0.2977430555555556 0.014756944444444444 0.042534722222222224
3 0.5269097222222222 0.3411458333333333 0.011284722222222222 0.051215277777777776
2 0.2942708333333333 0.4184027777777778 0.013020833333333334 0.06336805555555555
2 0.4453125 0.5564236111111112 0.014756944444444444 0.06944444444444445
2 0.7048611111111112 0.4149305555555556 0.013888888888888888 0.057291666666666664
2 0.6675347222222222 0.3949652777777778 0.019097222222222224 0.057291666666666664
2 0.043402777777777776 0.4618055555555556 0.016493055555555556 0.06684027777777778
2 0.2951388888888889 0.6927083333333334 0.025173611111111112 0.08072916666666667
0 0.2647569444444444 0.2881944444444444 0.005208333333333333 0.009548611111111112
2 0.5581597222222222 0.3246527777777778 0.010416666666666666 0.04861111111111111
2 0.5720486111111112 0.2552083333333333 0.0078125 0.0390625