2 0.7144097222222222 0.3645833333333333 0.009548611111111112 0.026041666666666668
0 0.9157986111111112 0.4262152777777778 0.006076388888888889 0.010416666666666666
2 0.7109375 0.3993055555555556 0.016493055555555556 0.04079861111111111
2 0.3697916666666667 0.3776041666666667 0.012152777777777778 0.03993055555555555
2 0.5017361111111112 0.4157986111111111 0.012152777777777778 0.03732638888888889
2 0.6805555555555556 0.3637152777777778 0.009548611111111112 0.043402777777777776
2 0.6753472222222222 0.4123263888888889 0.013888888888888888 0.052083333333333336
2 0.3854166666666667 0.3776041666666667 0.010416666666666666 0.04513888888888889
2 0.3289930555555556 0.4522569444444444 0.014756944444444444 0.0546875
2 0.4600694444444444 0.4010416666666667 0.009548611111111112 0.04513888888888889
2 0.3159722222222222 0.4626736111111111 0.009548611111111112 0.05381944444444445
2 0.421875 0.3984375 0.013020833333333334 0.052083333333333336
2 0.3602430555555556 0.3897569444444444 0.010416666666666666 0.051215277777777776
2 0.09375 0.3975694444444444 0.010416666666666666 0.05381944444444445
2 0.6059027777777778 0.4409722222222222 0.018229166666666668 0.05642361111111111
2 0.9513888888888888 0.4123263888888889 0.012152777777777778 0.052083333333333336
2 0.6380208333333334 0.5338541666666666 0.013888888888888888 0.0642361111111111
2 0.7204861111111112 0.4887152777777778 0.019097222222222224 0.057291666666666664
3 0.8420138888888888 0.8637152777777778 0.019965277777777776 0.1015625
3 0.4774305555555556 0.4522569444444444 0.013888888888888888 0.05555555555555555
2 0.7335069444444444 0.5885416666666666 0.021701388888888888 0.06597222222222222
3 0.4435763888888889 0.2994791666666667 0.008680555555555556 0.0390625
2 0.4409722222222222 0.3411458333333333 0.015625 0.044270833333333336
2 0.3289930555555556 0.4314236111111111 0.013888888888888888 0.0546875
2 0.5008680555555556 0.4019097222222222 0.011284722222222222 0.04861111111111111