2 0.3038194444444444 0.3732638888888889 0.011284722222222222 0.04079861111111111
2 0.4913194444444444 0.3663194444444444 0.006076388888888889 0.03298611111111111
2 0.6649305555555556 0.3741319444444444 0.009548611111111112 0.043402777777777776
2 0.13541666666666666 0.4592013888888889 0.011284722222222222 0.05295138888888889
2 0.2065972222222222 0.3984375 0.012152777777777778 0.03819444444444445
2 0.2725694444444444 0.4314236111111111 0.010416666666666666 0.043402777777777776
2 0.4730902777777778 0.3871527777777778 0.008680555555555556 0.0390625
2 0.3177083333333333 0.4131944444444444 0.008680555555555556 0.04513888888888889
2 0.8368055555555556 0.5104166666666666 0.013888888888888888 0.057291666666666664
2 0.5737847222222222 0.421875 0.010416666666666666 0.04774305555555555
2 0.13368055555555555 0.4947916666666667 0.013888888888888888 0.058159722222222224
2 0.18836805555555555 0.5598958333333334 0.014756944444444444 0.057291666666666664
1 0.8585069444444444 0.40625 0.010416666666666666 0.04600694444444445
2 0.3072916666666667 0.5303819444444444 0.011284722222222222 0.05381944444444445
2 0.5998263888888888 0.4071180555555556 0.008680555555555556 0.041666666666666664
2 0.2847222222222222 0.4809027777777778 0.013888888888888888 0.051215277777777776
2 0.11631944444444445 0.5069444444444444 0.013888888888888888 0.058159722222222224
2 0.4756944444444444 0.5572916666666666 0.013888888888888888 0.058159722222222224
3 0.4010416666666667 0.4592013888888889 0.011284722222222222 0.046875
2 0.6449652777777778 0.4739583333333333 0.011284722222222222 0.05555555555555555
2 0.6831597222222222 0.6527777777777778 0.019097222222222224 0.0720486111111111
3 0.14583333333333334 0.359375 0.011284722222222222 0.04079861111111111
2 0.5303819444444444 0.3489583333333333 0.011284722222222222 0.03819444444444445
0 0.8229166666666666 0.5347222222222222 0.006944444444444444 0.013020833333333334