0 0.5668402777777778 0.4479166666666667 0.006076388888888889 0.010416666666666666
2 0.3559027777777778 0.3385416666666667 0.010416666666666666 0.044270833333333336
2 0.2300347222222222 0.3715277777777778 0.013888888888888888 0.050347222222222224
2 0.3220486111111111 0.3324652777777778 0.010416666666666666 0.043402777777777776
2 0.24131944444444445 0.3515625 0.010416666666666666 0.04600694444444445
2 0.4696180555555556 0.4053819444444444 0.016493055555555556 0.05555555555555555
2 0.5946180555555556 0.3802083333333333 0.018229166666666668 0.050347222222222224
2 0.4236111111111111 0.3489583333333333 0.013020833333333334 0.050347222222222224
2 0.5529513888888888 0.4227430555555556 0.019097222222222224 0.046875
2 0.3854166666666667 0.4123263888888889 0.013888888888888888 0.052083333333333336
2 0.3324652777777778 0.4314236111111111 0.019097222222222224 0.05555555555555555
2 0.8081597222222222 0.4175347222222222 0.017361111111111112 0.059895833333333336
2 0.1892361111111111 0.4157986111111111 0.011284722222222222 0.058159722222222224
2 0.4071180555555556 0.3758680555555556 0.014756944444444444 0.0546875
2 0.4635416666666667 0.5980902777777778 0.021701388888888888 0.06944444444444445
2 0.1987847222222222 0.4557291666666667 0.017361111111111112 0.06510416666666667
2 0.2977430555555556 0.4036458333333333 0.016493055555555556 0.0546875
3 0.5112847222222222 0.421875 0.025173611111111112 0.052083333333333336
2 0.8420138888888888 0.5555555555555556 0.026041666666666668 0.0720486111111111
2 0.6189236111111112 0.5737847222222222 0.029513888888888888 0.0685763888888889
2 0.9131944444444444 0.5190972222222222 0.026041666666666668 0.06770833333333333
2 0.2387152777777778 0.5425347222222222 0.026041666666666668 0.06510416666666667
3 0.3116319444444444 0.2934027777777778 0.011284722222222222 0.03993055555555555