2 0.5442708333333334 0.4592013888888889 0.011284722222222222 0.03298611111111111
2 0.7473958333333334 0.4262152777777778 0.006944444444444444 0.035590277777777776
2 0.6796875 0.5390625 0.012152777777777778 0.03993055555555555
2 0.7595486111111112 0.4392361111111111 0.008680555555555556 0.033854166666666664
2 0.6822916666666666 0.5043402777777778 0.008680555555555556 0.0390625
2 0.4861111111111111 0.4774305555555556 0.009548611111111112 0.042534722222222224
3 0.6310763888888888 0.4878472222222222 0.010416666666666666 0.043402777777777776
2 0.6857638888888888 0.5711805555555556 0.009548611111111112 0.05555555555555555
2 0.4661458333333333 0.5208333333333334 0.014756944444444444 0.03993055555555555
2 0.4852430555555556 0.5243055555555556 0.010416666666666666 0.043402777777777776
2 0.24479166666666666 0.5529513888888888 0.009548611111111112 0.04774305555555555
1 0.14756944444444445 0.4887152777777778 0.011284722222222222 0.044270833333333336
2 0.8072916666666666 0.5815972222222222 0.010416666666666666 0.05381944444444445
2 0.7786458333333334 0.4921875 0.008680555555555556 0.043402777777777776
2 0.8559027777777778 0.6171875 0.017361111111111112 0.06076388888888889
2 0.6649305555555556 0.7196180555555556 0.014756944444444444 0.06163194444444445
2 0.8029513888888888 0.6675347222222222 0.014756944444444444 0.06163194444444445
2 0.3385416666666667 0.4696180555555556 0.0078125 0.041666666666666664
2 0.4574652777777778 0.6119791666666666 0.014756944444444444 0.05555555555555555
2 0.3723958333333333 0.7100694444444444 0.020833333333333332 0.06336805555555555
3 0.9401041666666666 0.8263888888888888 0.022569444444444444 0.08333333333333333
0 0.3072916666666667 0.5286458333333334 0.006944444444444444 0.012152777777777778
3 0.4149305555555556 0.3758680555555556 0.0078125 0.028645833333333332
2 0.5373263888888888 0.4036458333333333 0.008680555555555556 0.03298611111111111
2 0.5920138888888888 0.4375 0.009548611111111112 0.03819444444444445