2 0.5494791666666666 0.3515625 0.010416666666666666 0.03819444444444445
2 0.22569444444444445 0.3923611111111111 0.0078125 0.051215277777777776
2 0.3368055555555556 0.3654513888888889 0.009548611111111112 0.04079861111111111
2 0.5850694444444444 0.3402777777777778 0.013020833333333334 0.043402777777777776
2 0.5598958333333334 0.3940972222222222 0.010416666666666666 0.044270833333333336
2 0.7352430555555556 0.3532986111111111 0.009548611111111112 0.044270833333333336
2 0.2899305555555556 0.4123263888888889 0.010416666666666666 0.049479166666666664
2 0.2934027777777778 0.4548611111111111 0.013020833333333334 0.049479166666666664
2 0.5390625 0.4010416666666667 0.009548611111111112 0.049479166666666664
1 0.8559027777777778 0.3715277777777778 0.013020833333333334 0.04600694444444445
2 0.3550347222222222 0.4036458333333333 0.013020833333333334 0.051215277777777776
2 0.13802083333333334 0.4418402777777778 0.014756944444444444 0.05642361111111111
2 0.4800347222222222 0.3845486111111111 0.008680555555555556 0.04600694444444445
3 0.4487847222222222 0.4305555555555556 0.009548611111111112 0.05555555555555555
2 0.8203125 0.4730902777777778 0.009548611111111112 0.06076388888888889
2 0.10416666666666667 0.5017361111111112 0.013888888888888888 0.06684027777777778
2 0.1640625 0.5477430555555556 0.017361111111111112 0.06336805555555555
2 0.6362847222222222 0.4470486111111111 0.013888888888888888 0.059027777777777776
2 0.1440972222222222 0.5147569444444444 0.016493055555555556 0.0685763888888889
2 0.3229166666666667 0.5052083333333334 0.011284722222222222 0.06076388888888889
2 0.4809027777777778 0.5251736111111112 0.018229166666666668 0.059895833333333336
2 0.6354166666666666 0.5581597222222222 0.013020833333333334 0.06770833333333333
0 0.7317708333333334 0.3732638888888889 0.005208333333333333 0.010416666666666666
3 0.1362847222222222 0.3498263888888889 0.009548611111111112 0.04513888888888889