1 0.0390625 0.4470486111111111 0.017361111111111112 0.04774305555555555
2 0.5512152777777778 0.4192708333333333 0.012152777777777778 0.03819444444444445
2 0.6996527777777778 0.4427083333333333 0.012152777777777778 0.046875
2 0.5564236111111112 0.4539930555555556 0.010416666666666666 0.044270833333333336
2 0.8237847222222222 0.4366319444444444 0.014756944444444444 0.041666666666666664
2 0.4201388888888889 0.4140625 0.008680555555555556 0.041666666666666664
2 0.4270833333333333 0.4496527777777778 0.008680555555555556 0.04600694444444445
2 0.5147569444444444 0.5607638888888888 0.011284722222222222 0.057291666666666664
2 0.3133680555555556 0.4618055555555556 0.014756944444444444 0.05295138888888889
2 0.8125 0.5017361111111112 0.018229166666666668 0.052083333333333336
2 0.8046875 0.4782986111111111 0.012152777777777778 0.050347222222222224
2 0.5902777777777778 0.4835069444444444 0.016493055555555556 0.044270833333333336
2 0.4019097222222222 0.4852430555555556 0.009548611111111112 0.049479166666666664
2 0.3697916666666667 0.4696180555555556 0.011284722222222222 0.04600694444444445
2 0.5130208333333334 0.6085069444444444 0.019965277777777776 0.057291666666666664
2 0.2838541666666667 0.4791666666666667 0.012152777777777778 0.051215277777777776
2 0.8697916666666666 0.5564236111111112 0.017361111111111112 0.06163194444444445
2 0.21961805555555555 0.5789930555555556 0.012152777777777778 0.059027777777777776
2 0.9366319444444444 0.5269097222222222 0.015625 0.058159722222222224
3 0.3671875 0.5260416666666666 0.013020833333333334 0.057291666666666664
2 0.1753472222222222 0.6631944444444444 0.0234375 0.07118055555555555
0 0.5798611111111112 0.4548611111111111 0.006076388888888889 0.011284722222222222
2 0.3090277777777778 0.4435763888888889 0.009548611111111112 0.046875
3 0.4140625 0.3515625 0.009548611111111112 0.034722222222222224