2 0.3741319444444444 0.4123263888888889 0.015625 0.04513888888888889
2 0.3871527777777778 0.4366319444444444 0.012152777777777778 0.04861111111111111
2 0.2664930555555556 0.3706597222222222 0.010416666666666666 0.03993055555555555
2 0.5399305555555556 0.3897569444444444 0.011284722222222222 0.04079861111111111
2 0.5225694444444444 0.4453125 0.024305555555555556 0.04774305555555555
3 0.5824652777777778 0.4140625 0.013020833333333334 0.046875
2 0.20572916666666666 0.3741319444444444 0.013888888888888888 0.04079861111111111
2 0.6102430555555556 0.4652777777777778 0.024305555555555556 0.04774305555555555
2 0.3038194444444444 0.3645833333333333 0.011284722222222222 0.03819444444444445
2 0.3350694444444444 0.3663194444444444 0.006944444444444444 0.0390625
2 0.8368055555555556 0.5234375 0.019965277777777776 0.06336805555555555
2 0.2578125 0.4279513888888889 0.016493055555555556 0.04513888888888889
2 0.7213541666666666 0.5963541666666666 0.021701388888888888 0.06163194444444445
2 0.22135416666666666 0.4010416666666667 0.018229166666666668 0.046875
2 0.4661458333333333 0.5798611111111112 0.03298611111111111 0.06163194444444445
2 0.8020833333333334 0.5338541666666666 0.028645833333333332 0.05642361111111111
2 0.8611111111111112 0.4965277777777778 0.012152777777777778 0.057291666666666664
2 0.734375 0.4348958333333333 0.012152777777777778 0.04774305555555555
2 0.1909722222222222 0.4861111111111111 0.011284722222222222 0.057291666666666664
2 0.15625 0.4479166666666667 0.016493055555555556 0.052083333333333336
0 0.625 0.4895833333333333 0.005208333333333333 0.009548611111111112
2 0.5164930555555556 0.4427083333333333 0.013888888888888888 0.04774305555555555
3 0.24479166666666666 0.3203125 0.009548611111111112 0.0390625