3 0.3663194444444444 0.2881944444444444 0.008680555555555556 0.043402777777777776
2 0.6814236111111112 0.3289930555555556 0.008680555555555556 0.041666666666666664
2 0.7621527777777778 0.3463541666666667 0.009548611111111112 0.051215277777777776
2 0.6119791666666666 0.3715277777777778 0.013020833333333334 0.0546875
2 0.5824652777777778 0.3654513888888889 0.014756944444444444 0.04774305555555555
2 0.7560763888888888 0.4539930555555556 0.015625 0.06336805555555555
2 0.453125 0.3142361111111111 0.016493055555555556 0.04079861111111111
2 0.4210069444444444 0.4088541666666667 0.011284722222222222 0.052083333333333336
2 0.6631944444444444 0.3949652777777778 0.011284722222222222 0.05381944444444445
3 0.7144097222222222 0.4175347222222222 0.011284722222222222 0.0642361111111111
2 0.7413194444444444 0.4696180555555556 0.013020833333333334 0.06944444444444445
2 0.4652777777777778 0.4765625 0.019097222222222224 0.07291666666666667
2 0.203125 0.5269097222222222 0.016493055555555556 0.07725694444444445
2 0.8949652777777778 0.5182291666666666 0.017361111111111112 0.0798611111111111
2 0.3237847222222222 0.4131944444444444 0.019965277777777776 0.06336805555555555
2 0.4201388888888889 0.7543402777777778 0.017361111111111112 0.09895833333333333
2 0.4930555555555556 0.4809027777777778 0.013888888888888888 0.06684027777777778
2 0.8324652777777778 0.4157986111111111 0.016493055555555556 0.06597222222222222
2 0.9157986111111112 0.4939236111111111 0.018229166666666668 0.07465277777777778
2 0.8628472222222222 0.6380208333333334 0.022569444444444444 0.0859375
2 0.7048611111111112 0.6189236111111112 0.015625 0.0876736111111111
2 0.9288194444444444 0.5946180555555556 0.019097222222222224 0.0842013888888889
0 0.421875 0.3810763888888889 0.005208333333333333 0.010416666666666666