2 0.5694444444444444 0.4288194444444444 0.009548611111111112 0.026041666666666668
1 0.2230902777777778 0.4305555555555556 0.009548611111111112 0.03732638888888889
2 0.4487847222222222 0.3923611111111111 0.011284722222222222 0.029513888888888888
2 0.5451388888888888 0.4383680555555556 0.008680555555555556 0.029513888888888888
2 0.2465277777777778 0.4904513888888889 0.009548611111111112 0.04513888888888889
2 0.4765625 0.4609375 0.010416666666666666 0.03211805555555555
2 0.3732638888888889 0.4262152777777778 0.013888888888888888 0.0390625
2 0.3324652777777778 0.4774305555555556 0.011284722222222222 0.03993055555555555
2 0.6953125 0.4375 0.013020833333333334 0.03211805555555555
2 0.5147569444444444 0.46875 0.009548611111111112 0.042534722222222224
2 0.8480902777777778 0.5269097222222222 0.011284722222222222 0.04774305555555555
2 0.22135416666666666 0.5104166666666666 0.015625 0.043402777777777776
2 0.3255208333333333 0.5572916666666666 0.015625 0.04861111111111111
2 0.8394097222222222 0.5477430555555556 0.011284722222222222 0.0546875
2 0.6848958333333334 0.5980902777777778 0.022569444444444444 0.05555555555555555
2 0.5269097222222222 0.6163194444444444 0.014756944444444444 0.052083333333333336
2 0.8446180555555556 0.4644097222222222 0.015625 0.03819444444444445
2 0.057291666666666664 0.6032986111111112 0.013020833333333334 0.05295138888888889
3 0.9149305555555556 0.8350694444444444 0.025173611111111112 0.09114583333333333
3 0.4383680555555556 0.3541666666666667 0.006944444444444444 0.03125
2 0.3376736111111111 0.4340277777777778 0.010416666666666666 0.041666666666666664
2 0.3428819444444444 0.4244791666666667 0.009548611111111112 0.043402777777777776
0 0.6397569444444444 0.4618055555555556 0.005208333333333333 0.010416666666666666
2 0.6987847222222222 0.4314236111111111 0.008680555555555556 0.033854166666666664