2 0.484375 0.34375 0.012152777777777778 0.042534722222222224
2 0.5980902777777778 0.3289930555555556 0.012152777777777778 0.0390625
3 0.2604166666666667 0.3220486111111111 0.009548611111111112 0.04079861111111111
2 0.5850694444444444 0.3550347222222222 0.009548611111111112 0.041666666666666664
2 0.6180555555555556 0.3515625 0.012152777777777778 0.04079861111111111
2 0.5364583333333334 0.3342013888888889 0.011284722222222222 0.03732638888888889
2 0.3463541666666667 0.3498263888888889 0.011284722222222222 0.04079861111111111
2 0.5112847222222222 0.3671875 0.013888888888888888 0.03993055555555555
3 0.5998263888888888 0.3993055555555556 0.011284722222222222 0.057291666666666664
2 0.7430555555555556 0.3680555555555556 0.013020833333333334 0.051215277777777776
2 0.6970486111111112 0.4053819444444444 0.013888888888888888 0.050347222222222224
2 0.8012152777777778 0.4383680555555556 0.014756944444444444 0.059027777777777776
2 0.390625 0.3845486111111111 0.012152777777777778 0.05295138888888889
2 0.7196180555555556 0.40625 0.013888888888888888 0.05295138888888889
2 0.4305555555555556 0.7526041666666666 0.019965277777777776 0.09114583333333333
2 0.8550347222222222 0.5217013888888888 0.017361111111111112 0.06770833333333333
2 0.4826388888888889 0.4609375 0.013888888888888888 0.057291666666666664
2 0.1701388888888889 0.5225694444444444 0.014756944444444444 0.0703125
2 0.8246527777777778 0.5199652777777778 0.027777777777777776 0.07291666666666667
2 0.7769097222222222 0.7152777777777778 0.014756944444444444 0.0859375
2 0.2378472222222222 0.4053819444444444 0.011284722222222222 0.058159722222222224
2 0.640625 0.5217013888888888 0.019965277777777776 0.06510416666666667
0 0.5737847222222222 0.3628472222222222 0.005208333333333333 0.010416666666666666