2 0.7300347222222222 0.4114583333333333 0.011284722222222222 0.03732638888888889
3 0.6692708333333334 0.4079861111111111 0.011284722222222222 0.03211805555555555
2 0.23350694444444445 0.4505208333333333 0.013888888888888888 0.033854166666666664
2 0.8454861111111112 0.4861111111111111 0.012152777777777778 0.042534722222222224
2 0.2986111111111111 0.4123263888888889 0.017361111111111112 0.03732638888888889
2 0.8385416666666666 0.5112847222222222 0.011284722222222222 0.042534722222222224
2 0.6796875 0.4244791666666667 0.011284722222222222 0.03732638888888889
2 0.5703125 0.4149305555555556 0.008680555555555556 0.036458333333333336
2 0.7717013888888888 0.4401041666666667 0.008680555555555556 0.043402777777777776
2 0.6206597222222222 0.4609375 0.011284722222222222 0.04079861111111111
2 0.4809027777777778 0.4557291666666667 0.0078125 0.03819444444444445
2 0.4513888888888889 0.4401041666666667 0.013020833333333334 0.042534722222222224
2 0.7170138888888888 0.4826388888888889 0.013020833333333334 0.04513888888888889
2 0.3012152777777778 0.4626736111111111 0.016493055555555556 0.042534722222222224
2 0.6354166666666666 0.5633680555555556 0.016493055555555556 0.05295138888888889
2 0.18663194444444445 0.4921875 0.014756944444444444 0.051215277777777776
2 0.2109375 0.5277777777777778 0.017361111111111112 0.05555555555555555
1 0.9244791666666666 0.4236111111111111 0.011284722222222222 0.035590277777777776
2 0.23177083333333334 0.4131944444444444 0.011284722222222222 0.0390625
3 0.2456597222222222 0.3619791666666667 0.009548611111111112 0.029513888888888888
2 0.3142361111111111 0.4036458333333333 0.013020833333333334 0.03819444444444445
2 0.7717013888888888 0.4192708333333333 0.009548611111111112 0.035590277777777776
0 0.7309027777777778 0.4253472222222222 0.004340277777777778 0.0078125
2 0.3246527777777778 0.4010416666666667 0.012152777777777778 0.03732638888888889