2 0.4644097222222222 0.4600694444444444 0.010416666666666666 0.03125
2 0.4322916666666667 0.4878472222222222 0.011284722222222222 0.0390625
2 0.6319444444444444 0.5069444444444444 0.008680555555555556 0.03819444444444445
2 0.7439236111111112 0.4930555555555556 0.009548611111111112 0.03993055555555555
1 0.15711805555555555 0.5130208333333334 0.008680555555555556 0.043402777777777776
2 0.14322916666666666 0.5685763888888888 0.010416666666666666 0.03819444444444445
2 0.6449652777777778 0.5564236111111112 0.009548611111111112 0.044270833333333336
2 0.4652777777777778 0.5234375 0.008680555555555556 0.04079861111111111
2 0.3090277777777778 0.46875 0.006944444444444444 0.036458333333333336
2 0.7690972222222222 0.5789930555555556 0.013020833333333334 0.04600694444444445
2 0.3836805555555556 0.5572916666666666 0.013020833333333334 0.043402777777777776
3 0.5173611111111112 0.4956597222222222 0.008680555555555556 0.03819444444444445
2 0.6918402777777778 0.5434027777777778 0.006944444444444444 0.042534722222222224
2 0.2847222222222222 0.6927083333333334 0.008680555555555556 0.05642361111111111
2 0.3272569444444444 0.6137152777777778 0.008680555555555556 0.051215277777777776
2 0.7274305555555556 0.6623263888888888 0.010416666666666666 0.05642361111111111
2 0.5868055555555556 0.7083333333333334 0.013020833333333334 0.059027777777777776
2 0.8585069444444444 0.6128472222222222 0.011284722222222222 0.05555555555555555
3 0.8628472222222222 0.7803819444444444 0.017361111111111112 0.0703125
0 0.15625 0.5894097222222222 0.0078125 0.013020833333333334
3 0.375 0.3923611111111111 0.006944444444444444 0.024305555555555556
2 0.4800347222222222 0.4236111111111111 0.010416666666666666 0.03125
2 0.5329861111111112 0.4453125 0.008680555555555556 0.034722222222222224
2 0.6970486111111112 0.4427083333333333 0.0078125 0.03298611111111111
2 0.6918402777777778 0.4487847222222222 0.0078125 0.03125