2 0.4210069444444444 0.4192708333333333 0.006944444444444444 0.034722222222222224
2 0.6423611111111112 0.4418402777777778 0.011284722222222222 0.03732638888888889
2 0.6623263888888888 0.4392361111111111 0.012152777777777778 0.036458333333333336
2 0.3836805555555556 0.421875 0.006944444444444444 0.036458333333333336
2 0.3506944444444444 0.4748263888888889 0.009548611111111112 0.0390625
2 0.4713541666666667 0.4670138888888889 0.011284722222222222 0.043402777777777776
2 0.1501736111111111 0.5616319444444444 0.017361111111111112 0.043402777777777776
3 0.4192708333333333 0.4973958333333333 0.008680555555555556 0.044270833333333336
2 0.6354166666666666 0.5520833333333334 0.012152777777777778 0.052083333333333336
2 0.8489583333333334 0.5572916666666666 0.010416666666666666 0.05642361111111111
2 0.4175347222222222 0.5529513888888888 0.011284722222222222 0.050347222222222224
2 0.6223958333333334 0.5572916666666666 0.014756944444444444 0.050347222222222224
2 0.8637152777777778 0.6276041666666666 0.013020833333333334 0.059895833333333336
2 0.8515625 0.6171875 0.013888888888888888 0.06510416666666667
3 0.8871527777777778 0.8151041666666666 0.013888888888888888 0.08506944444444445
2 0.2881944444444444 0.5329861111111112 0.009548611111111112 0.04774305555555555
2 0.4401041666666667 0.6302083333333334 0.013888888888888888 0.06336805555555555
2 0.3967013888888889 0.6163194444444444 0.017361111111111112 0.05381944444444445
2 0.21614583333333334 0.6085069444444444 0.019965277777777776 0.057291666666666664
3 0.5173611111111112 0.3472222222222222 0.006076388888888889 0.0234375
2 0.0720486111111111 0.5460069444444444 0.011284722222222222 0.04774305555555555
2 0.06163194444444445 0.5529513888888888 0.014756944444444444 0.033854166666666664
0 0.05295138888888889 0.5711805555555556 0.005208333333333333 0.006944444444444444
1 0.3246527777777778 0.4131944444444444 0.011284722222222222 0.04079861111111111