2 0.6892361111111112 0.4409722222222222 0.006076388888888889 0.030381944444444444
2 0.4296875 0.4366319444444444 0.006076388888888889 0.029513888888888888
2 0.4305555555555556 0.4765625 0.006944444444444444 0.033854166666666664
2 0.5286458333333334 0.4444444444444444 0.006076388888888889 0.03125
2 0.7430555555555556 0.5494791666666666 0.013020833333333334 0.04079861111111111
2 0.2960069444444444 0.4730902777777778 0.008680555555555556 0.033854166666666664
2 0.7725694444444444 0.4809027777777778 0.008680555555555556 0.0390625
2 0.1076388888888889 0.5590277777777778 0.008680555555555556 0.043402777777777776
2 0.375 0.4921875 0.0078125 0.03819444444444445
2 0.6180555555555556 0.5182291666666666 0.008680555555555556 0.04079861111111111
3 0.9487847222222222 0.7838541666666666 0.025173611111111112 0.0703125
2 0.21614583333333334 0.6015625 0.009548611111111112 0.042534722222222224
3 0.4157986111111111 0.5190972222222222 0.012152777777777778 0.0390625
2 0.9262152777777778 0.6189236111111112 0.010416666666666666 0.05381944444444445
1 0.12760416666666666 0.5303819444444444 0.013888888888888888 0.03732638888888889
2 0.4730902777777778 0.5086805555555556 0.0078125 0.03819444444444445
2 0.3975694444444444 0.5807291666666666 0.0078125 0.046875
2 0.8697916666666666 0.6111111111111112 0.019965277777777776 0.050347222222222224
2 0.6553819444444444 0.5607638888888888 0.009548611111111112 0.04513888888888889
2 0.6171875 0.7161458333333334 0.018229166666666668 0.05642361111111111
2 0.21788194444444445 0.6883680555555556 0.012152777777777778 0.05642361111111111
2 0.7586805555555556 0.6918402777777778 0.014756944444444444 0.06336805555555555
2 0.703125 0.4409722222222222 0.006944444444444444 0.03298611111111111
0 0.1267361111111111 0.5303819444444444 0.005208333333333333 0.010416666666666666