2 0.4435763888888889 0.4166666666666667 0.012152777777777778 0.03298611111111111
2 0.7326388888888888 0.4522569444444444 0.011284722222222222 0.03993055555555555
2 0.4201388888888889 0.4288194444444444 0.008680555555555556 0.0390625
2 0.3055555555555556 0.5086805555555556 0.013020833333333334 0.04600694444444445
2 0.8559027777777778 0.5989583333333334 0.012152777777777778 0.058159722222222224
2 0.8619791666666666 0.5711805555555556 0.013888888888888888 0.057291666666666664
2 0.15625 0.5842013888888888 0.016493055555555556 0.04600694444444445
2 0.3845486111111111 0.4418402777777778 0.008680555555555556 0.041666666666666664
2 0.1076388888888889 0.6137152777777778 0.019097222222222224 0.058159722222222224
2 0.5121527777777778 0.4713541666666667 0.008680555555555556 0.041666666666666664
2 0.6623263888888888 0.5729166666666666 0.010416666666666666 0.058159722222222224
2 0.3168402777777778 0.5789930555555556 0.013888888888888888 0.05295138888888889
2 0.6657986111111112 0.4427083333333333 0.006076388888888889 0.04079861111111111
2 0.2282986111111111 0.6397569444444444 0.015625 0.05555555555555555
3 0.4427083333333333 0.5095486111111112 0.013020833333333334 0.04774305555555555
2 0.8333333333333334 0.6154513888888888 0.013020833333333334 0.059895833333333336
2 0.4079861111111111 0.5946180555555556 0.011284722222222222 0.057291666666666664
3 0.890625 0.8272569444444444 0.022569444444444444 0.0859375
2 0.6493055555555556 0.5842013888888888 0.019965277777777776 0.0546875
2 0.421875 0.6440972222222222 0.019097222222222224 0.058159722222222224
2 0.24913194444444445 0.6397569444444444 0.012152777777777778 0.057291666666666664
2 0.4652777777777778 0.6710069444444444 0.017361111111111112 0.0685763888888889
1 0.2734375 0.4140625 0.011284722222222222 0.04079861111111111
0 0.11458333333333333 0.5946180555555556 0.005208333333333333 0.010416666666666666
3 0.5303819444444444 0.3428819444444444 0.0078125 0.028645833333333332