2 0.5564236111111112 0.3515625 0.010416666666666666 0.030381944444444444
2 0.3810763888888889 0.3767361111111111 0.009548611111111112 0.04079861111111111
2 0.6302083333333334 0.3836805555555556 0.010416666666666666 0.03732638888888889
2 0.3949652777777778 0.3923611111111111 0.008680555555555556 0.043402777777777776
2 0.3932291666666667 0.4305555555555556 0.0078125 0.044270833333333336
2 0.4305555555555556 0.4444444444444444 0.018229166666666668 0.050347222222222224
2 0.4236111111111111 0.4852430555555556 0.014756944444444444 0.05381944444444445
2 0.3064236111111111 0.5008680555555556 0.013020833333333334 0.05295138888888889
2 0.6467013888888888 0.4184027777777778 0.012152777777777778 0.043402777777777776
2 0.3776041666666667 0.4618055555555556 0.019097222222222224 0.05295138888888889
3 0.4565972222222222 0.4678819444444444 0.011284722222222222 0.052083333333333336
1 0.8463541666666666 0.4314236111111111 0.011284722222222222 0.04600694444444445
1 0.0642361111111111 0.4262152777777778 0.014756944444444444 0.05295138888888889
2 0.5755208333333334 0.5199652777777778 0.011284722222222222 0.05555555555555555
3 0.8064236111111112 0.828125 0.027777777777777776 0.09722222222222222
2 0.7664930555555556 0.5798611111111112 0.013888888888888888 0.06510416666666667
0 0.8420138888888888 0.4461805555555556 0.005208333333333333 0.009548611111111112
2 0.6284722222222222 0.3645833333333333 0.008680555555555556 0.035590277777777776
2 0.3619791666666667 0.4201388888888889 0.011284722222222222 0.04600694444444445
2 0.3411458333333333 0.4140625 0.010416666666666666 0.03732638888888889
2 0.3541666666666667 0.4149305555555556 0.010416666666666666 0.04513888888888889
2 0.3480902777777778 0.4001736111111111 0.008680555555555556 0.041666666666666664
2 0.3394097222222222 0.4565972222222222 0.013020833333333334 0.04600694444444445
2 0.3324652777777778 0.4479166666666667 0.009548611111111112 0.041666666666666664
2 0.3298611111111111 0.4296875 0.008680555555555556 0.03819444444444445
3 0.4019097222222222 0.3315972222222222 0.006944444444444444 0.028645833333333332