2 0.10416666666666667 0.5338541666666666 0.016493055555555556 0.042534722222222224
2 0.4401041666666667 0.4175347222222222 0.0078125 0.036458333333333336
2 0.4140625 0.4557291666666667 0.006944444444444444 0.036458333333333336
2 0.3975694444444444 0.4939236111111111 0.012152777777777778 0.041666666666666664
2 0.6163194444444444 0.4401041666666667 0.008680555555555556 0.035590277777777776
2 0.4548611111111111 0.4644097222222222 0.009548611111111112 0.03819444444444445
2 0.6302083333333334 0.4375 0.006944444444444444 0.03819444444444445
2 0.2743055555555556 0.5225694444444444 0.008680555555555556 0.04513888888888889
2 0.59375 0.5451388888888888 0.010416666666666666 0.04774305555555555
2 0.4175347222222222 0.5295138888888888 0.008680555555555556 0.04600694444444445
2 0.8810763888888888 0.5546875 0.009548611111111112 0.05381944444444445
2 0.6102430555555556 0.5390625 0.009548611111111112 0.04774305555555555
2 0.390625 0.5902777777777778 0.008680555555555556 0.051215277777777776
2 0.8637152777777778 0.6371527777777778 0.009548611111111112 0.06076388888888889
2 0.4027777777777778 0.5998263888888888 0.011284722222222222 0.05642361111111111
2 0.21180555555555555 0.5833333333333334 0.013020833333333334 0.050347222222222224
3 0.9045138888888888 0.8142361111111112 0.013888888888888888 0.08333333333333333
2 0.8472222222222222 0.6371527777777778 0.013888888888888888 0.06336805555555555
2 0.08159722222222222 0.5416666666666666 0.0078125 0.044270833333333336
2 0.09114583333333333 0.5460069444444444 0.011284722222222222 0.043402777777777776
1 0.359375 0.4166666666666667 0.010416666666666666 0.036458333333333336
2 0.4314236111111111 0.4210069444444444 0.010416666666666666 0.036458333333333336