2 0.5494791666666666 0.3767361111111111 0.014756944444444444 0.050347222222222224
2 0.6996527777777778 0.3619791666666667 0.008680555555555556 0.04513888888888889
2 0.7517361111111112 0.4348958333333333 0.011284722222222222 0.057291666666666664
2 0.1909722222222222 0.4600694444444444 0.017361111111111112 0.0546875
2 0.3697916666666667 0.3454861111111111 0.011284722222222222 0.04513888888888889
2 0.7977430555555556 0.4618055555555556 0.012152777777777778 0.0642361111111111
2 0.7838541666666666 0.4878472222222222 0.014756944444444444 0.0642361111111111
2 0.6901041666666666 0.4696180555555556 0.011284722222222222 0.057291666666666664
2 0.6996527777777778 0.5651041666666666 0.013888888888888888 0.0703125
3 0.5920138888888888 0.5190972222222222 0.013020833333333334 0.06944444444444445
2 0.4626736111111111 0.4609375 0.013020833333333334 0.0546875
2 0.4088541666666667 0.4392361111111111 0.016493055555555556 0.05295138888888889
2 0.6102430555555556 0.4600694444444444 0.012152777777777778 0.058159722222222224
2 0.5034722222222222 0.6015625 0.013020833333333334 0.07552083333333333
2 0.19444444444444445 0.7074652777777778 0.019097222222222224 0.0954861111111111
2 0.4817708333333333 0.78125 0.026909722222222224 0.09114583333333333
2 0.4019097222222222 0.5234375 0.012152777777777778 0.06510416666666667
2 0.8463541666666666 0.6258680555555556 0.016493055555555556 0.078125
2 0.578125 0.6684027777777778 0.014756944444444444 0.0842013888888889
2 0.7473958333333334 0.6736111111111112 0.019097222222222224 0.0842013888888889
3 0.9635416666666666 0.8532986111111112 0.030381944444444444 0.109375
0 0.2204861111111111 0.4774305555555556 0.0078125 0.012152777777777778
3 0.3402777777777778 0.2934027777777778 0.0078125 0.035590277777777776
2 0.6371527777777778 0.3133680555555556 0.009548611111111112 0.03732638888888889