2 0.7065972222222222 0.3489583333333333 0.012152777777777778 0.0390625
2 0.2994791666666667 0.3871527777777778 0.0078125 0.041666666666666664
2 0.1857638888888889 0.4019097222222222 0.010416666666666666 0.04079861111111111
2 0.3055555555555556 0.3932291666666667 0.008680555555555556 0.03993055555555555
1 0.8697916666666666 0.3888888888888889 0.011284722222222222 0.04079861111111111
2 0.6319444444444444 0.4227430555555556 0.008680555555555556 0.041666666666666664
2 0.7387152777777778 0.3828125 0.008680555555555556 0.03732638888888889
2 0.7708333333333334 0.3767361111111111 0.008680555555555556 0.04079861111111111
2 0.1371527777777778 0.5069444444444444 0.013888888888888888 0.059895833333333336
2 0.5520833333333334 0.5503472222222222 0.016493055555555556 0.051215277777777776
2 0.8229166666666666 0.4583333333333333 0.008680555555555556 0.04600694444444445
3 0.6762152777777778 0.3758680555555556 0.009548611111111112 0.03993055555555555
2 0.8411458333333334 0.4314236111111111 0.013020833333333334 0.046875
2 0.7170138888888888 0.4296875 0.009548611111111112 0.042534722222222224
2 0.2864583333333333 0.3854166666666667 0.006944444444444444 0.03819444444444445
2 0.3211805555555556 0.4513888888888889 0.011284722222222222 0.049479166666666664
2 0.5190972222222222 0.4184027777777778 0.012152777777777778 0.04774305555555555
2 0.16493055555555555 0.4453125 0.013020833333333334 0.051215277777777776
2 0.5842013888888888 0.3932291666666667 0.008680555555555556 0.03993055555555555
2 0.4965277777777778 0.4522569444444444 0.008680555555555556 0.04774305555555555
2 0.14756944444444445 0.5477430555555556 0.019097222222222224 0.06336805555555555
3 0.16666666666666666 0.3498263888888889 0.008680555555555556 0.03211805555555555
2 0.7734375 0.3541666666666667 0.008680555555555556 0.033854166666666664
0 0.7786458333333334 0.3645833333333333 0.004340277777777778 0.0078125