2 0.3802083333333333 0.5104166666666666 0.012152777777777778 0.0390625
2 0.4730902777777778 0.3758680555555556 0.0078125 0.030381944444444444
2 0.3897569444444444 0.5338541666666666 0.016493055555555556 0.042534722222222224
2 0.4609375 0.3914930555555556 0.0078125 0.03125
2 0.2890625 0.4800347222222222 0.009548611111111112 0.04079861111111111
2 0.2951388888888889 0.4001736111111111 0.006944444444444444 0.03819444444444445
2 0.1996527777777778 0.4236111111111111 0.010416666666666666 0.03993055555555555
2 0.14756944444444445 0.5078125 0.013020833333333334 0.049479166666666664
0 0.7569444444444444 0.7526041666666666 0.006076388888888889 0.012152777777777778
2 0.3177083333333333 0.6336805555555556 0.020833333333333332 0.050347222222222224
2 0.3055555555555556 0.4670138888888889 0.011284722222222222 0.043402777777777776
2 0.9305555555555556 0.5538194444444444 0.019965277777777776 0.051215277777777776
2 0.4548611111111111 0.4340277777777778 0.0078125 0.04079861111111111
2 0.6232638888888888 0.4019097222222222 0.008680555555555556 0.04079861111111111
2 0.7638888888888888 0.7135416666666666 0.030381944444444444 0.06510416666666667
1 0.8541666666666666 0.4348958333333333 0.012152777777777778 0.044270833333333336
2 0.7092013888888888 0.6840277777777778 0.019097222222222224 0.059895833333333336
2 0.5980902777777778 0.4800347222222222 0.009548611111111112 0.049479166666666664
2 0.5824652777777778 0.4652777777777778 0.009548611111111112 0.043402777777777776
2 0.0998263888888889 0.5407986111111112 0.019965277777777776 0.049479166666666664
2 0.7873263888888888 0.5373263888888888 0.021701388888888888 0.057291666666666664
2 0.3116319444444444 0.6111111111111112 0.025173611111111112 0.03993055555555555
3 0.1684027777777778 0.375 0.008680555555555556 0.033854166666666664
2 0.1467013888888889 0.4921875 0.013888888888888888 0.05295138888888889