2 0.4244791666666667 0.3836805555555556 0.012152777777777778 0.026041666666666668
2 0.2803819444444444 0.4696180555555556 0.009548611111111112 0.04079861111111111
2 0.20225694444444445 0.4817708333333333 0.009548611111111112 0.041666666666666664
2 0.4956597222222222 0.4270833333333333 0.010416666666666666 0.033854166666666664
2 0.5572916666666666 0.4227430555555556 0.009548611111111112 0.036458333333333336
2 0.07552083333333333 0.5668402777777778 0.012152777777777778 0.051215277777777776
2 0.6380208333333334 0.5008680555555556 0.013888888888888888 0.04513888888888889
2 0.8845486111111112 0.5182291666666666 0.009548611111111112 0.049479166666666664
2 0.1935763888888889 0.5086805555555556 0.009548611111111112 0.042534722222222224
3 0.3993055555555556 0.4791666666666667 0.016493055555555556 0.043402777777777776
2 0.4418402777777778 0.46875 0.008680555555555556 0.03993055555555555
2 0.6666666666666666 0.4887152777777778 0.011284722222222222 0.043402777777777776
2 0.8350694444444444 0.5815972222222222 0.013888888888888888 0.06076388888888889
2 0.4296875 0.6137152777777778 0.018229166666666668 0.05555555555555555
2 0.2638888888888889 0.5538194444444444 0.014756944444444444 0.052083333333333336
2 0.859375 0.5824652777777778 0.013888888888888888 0.05642361111111111
2 0.5199652777777778 0.6015625 0.020833333333333332 0.058159722222222224
1 0.9053819444444444 0.8324652777777778 0.021701388888888888 0.0876736111111111
3 0.4739583333333333 0.3376736111111111 0.006944444444444444 0.026909722222222224
2 0.3671875 0.4175347222222222 0.012152777777777778 0.036458333333333336
2 0.3576388888888889 0.4140625 0.013020833333333334 0.03211805555555555
2 0.3177083333333333 0.4227430555555556 0.013020833333333334 0.036458333333333336
2 0.3029513888888889 0.4227430555555556 0.012152777777777778 0.036458333333333336
1 0.2760416666666667 0.4114583333333333 0.008680555555555556 0.03819444444444445