2 0.28125 0.4670138888888889 0.016493055555555556 0.03819444444444445
2 0.4392361111111111 0.40625 0.009548611111111112 0.03298611111111111
2 0.2612847222222222 0.4774305555555556 0.012152777777777778 0.0390625
3 0.4001736111111111 0.4861111111111111 0.008680555555555556 0.043402777777777776
2 0.1840277777777778 0.4869791666666667 0.008680555555555556 0.04079861111111111
2 0.4227430555555556 0.4175347222222222 0.010416666666666666 0.036458333333333336
2 0.4027777777777778 0.5052083333333334 0.009548611111111112 0.044270833333333336
2 0.09027777777777778 0.5503472222222222 0.011284722222222222 0.046875
2 0.6371527777777778 0.4331597222222222 0.006944444444444444 0.03993055555555555
2 0.1189236111111111 0.5286458333333334 0.012152777777777778 0.049479166666666664
2 0.6032986111111112 0.4296875 0.008680555555555556 0.03819444444444445
2 0.8888888888888888 0.6510416666666666 0.010416666666666666 0.06944444444444445
2 0.2282986111111111 0.5625 0.012152777777777778 0.05295138888888889
2 0.9053819444444444 0.5399305555555556 0.013888888888888888 0.05295138888888889
2 0.5876736111111112 0.5295138888888888 0.009548611111111112 0.05295138888888889
2 0.4383680555555556 0.5998263888888888 0.013888888888888888 0.058159722222222224
2 0.9114583333333334 0.6614583333333334 0.013020833333333334 0.0685763888888889
2 0.4114583333333333 0.5980902777777778 0.017361111111111112 0.05295138888888889
2 0.5720486111111112 0.5390625 0.011284722222222222 0.051215277777777776
3 0.9435763888888888 0.8394097222222222 0.014756944444444444 0.0920138888888889
2 0.2760416666666667 0.4557291666666667 0.008680555555555556 0.03993055555555555
1 0.3385416666666667 0.4166666666666667 0.015625 0.033854166666666664
2 0.4322916666666667 0.4175347222222222 0.008680555555555556 0.03732638888888889
3 0.5251736111111112 0.3376736111111111 0.006944444444444444 0.028645833333333332