0 0.3767361111111111 0.6119791666666666 0.006076388888888889 0.012152777777777778
2 0.4444444444444444 0.3446180555555556 0.008680555555555556 0.03732638888888889
2 0.5138888888888888 0.3611111111111111 0.008680555555555556 0.042534722222222224
2 0.4392361111111111 0.4288194444444444 0.008680555555555556 0.046875
2 0.3289930555555556 0.3628472222222222 0.008680555555555556 0.043402777777777776
2 0.6987847222222222 0.3515625 0.0078125 0.04079861111111111
2 0.7213541666666666 0.75 0.018229166666666668 0.08680555555555555
2 0.734375 0.3758680555555556 0.009548611111111112 0.046875
2 0.7092013888888888 0.4019097222222222 0.009548611111111112 0.049479166666666664
2 0.6796875 0.3663194444444444 0.009548611111111112 0.041666666666666664
2 0.5954861111111112 0.4244791666666667 0.009548611111111112 0.04600694444444445
2 0.2864583333333333 0.4201388888888889 0.010416666666666666 0.051215277777777776
2 0.6215277777777778 0.5104166666666666 0.017361111111111112 0.059027777777777776
3 0.5729166666666666 0.4184027777777778 0.011284722222222222 0.049479166666666664
2 0.3836805555555556 0.5460069444444444 0.014756944444444444 0.049479166666666664
2 0.7326388888888888 0.4513888888888889 0.012152777777777778 0.0546875
2 0.3732638888888889 0.5798611111111112 0.029513888888888888 0.06770833333333333
2 0.5564236111111112 0.5234375 0.018229166666666668 0.059895833333333336
2 0.4105902777777778 0.5008680555555556 0.011284722222222222 0.05555555555555555
2 0.6189236111111112 0.6059027777777778 0.016493055555555556 0.06597222222222222
2 0.4045138888888889 0.6493055555555556 0.018229166666666668 0.07378472222222222
2 0.8072916666666666 0.6171875 0.016493055555555556 0.06597222222222222
3 0.2751736111111111 0.3203125 0.009548611111111112 0.0390625