2 0.5520833333333334 0.3541666666666667 0.012152777777777778 0.036458333333333336
2 0.6762152777777778 0.4036458333333333 0.009548611111111112 0.0390625
2 0.6840277777777778 0.4253472222222222 0.009548611111111112 0.035590277777777776
2 0.7100694444444444 0.3993055555555556 0.009548611111111112 0.041666666666666664
2 0.5581597222222222 0.3871527777777778 0.010416666666666666 0.042534722222222224
2 0.3333333333333333 0.3758680555555556 0.009548611111111112 0.03819444444444445
3 0.12152777777777778 0.3619791666666667 0.010416666666666666 0.0390625
2 0.6684027777777778 0.3506944444444444 0.0078125 0.03819444444444445
1 0.8454861111111112 0.3932291666666667 0.009548611111111112 0.042534722222222224
2 0.17274305555555555 0.4470486111111111 0.008680555555555556 0.04513888888888889
2 0.7586805555555556 0.4357638888888889 0.009548611111111112 0.046875
2 0.7395833333333334 0.4262152777777778 0.009548611111111112 0.046875
2 0.3888888888888889 0.3645833333333333 0.0078125 0.0390625
2 0.125 0.4427083333333333 0.019097222222222224 0.0546875
2 0.4375 0.4227430555555556 0.013020833333333334 0.04600694444444445
3 0.5208333333333334 0.3810763888888889 0.013888888888888888 0.04079861111111111
2 0.8255208333333334 0.4678819444444444 0.012152777777777778 0.057291666666666664
2 0.6232638888888888 0.3689236111111111 0.009548611111111112 0.041666666666666664
2 0.3697916666666667 0.4487847222222222 0.013888888888888888 0.04600694444444445
2 0.17708333333333334 0.4774305555555556 0.012152777777777778 0.051215277777777776
2 0.4505208333333333 0.5651041666666666 0.026909722222222224 0.058159722222222224
2 0.6996527777777778 0.4505208333333333 0.016493055555555556 0.04774305555555555
2 0.5555555555555556 0.3385416666666667 0.008680555555555556 0.03298611111111111