2 0.5486111111111112 0.4088541666666667 0.006076388888888889 0.027777777777777776
2 0.2786458333333333 0.4453125 0.008680555555555556 0.030381944444444444
2 0.5390625 0.4192708333333333 0.006944444444444444 0.026041666666666668
2 0.6553819444444444 0.4366319444444444 0.010416666666666666 0.035590277777777776
2 0.18836805555555555 0.4965277777777778 0.011284722222222222 0.035590277777777776
2 0.5034722222222222 0.4817708333333333 0.0078125 0.033854166666666664
2 0.6180555555555556 0.515625 0.009548611111111112 0.03993055555555555
2 0.21180555555555555 0.4939236111111111 0.008680555555555556 0.036458333333333336
2 0.3263888888888889 0.5043402777777778 0.0078125 0.03732638888888889
2 0.1189236111111111 0.6319444444444444 0.019965277777777776 0.04861111111111111
2 0.5972222222222222 0.7048611111111112 0.015625 0.059895833333333336
3 0.3506944444444444 0.5373263888888888 0.017361111111111112 0.044270833333333336
2 0.6041666666666666 0.53125 0.009548611111111112 0.041666666666666664
2 0.3576388888888889 0.5677083333333334 0.019097222222222224 0.043402777777777776
2 0.07118055555555555 0.5703125 0.019965277777777776 0.04513888888888889
2 0.3055555555555556 0.5034722222222222 0.013888888888888888 0.041666666666666664
1 0.8671875 0.4618055555555556 0.011284722222222222 0.033854166666666664
2 0.8194444444444444 0.5711805555555556 0.011284722222222222 0.051215277777777776
2 0.8776041666666666 0.5954861111111112 0.017361111111111112 0.049479166666666664
3 0.9166666666666666 0.6927083333333334 0.016493055555555556 0.059895833333333336
2 0.7387152777777778 0.6710069444444444 0.015625 0.05642361111111111
2 0.1519097222222222 0.6848958333333334 0.026041666666666668 0.05381944444444445
2 0.3940972222222222 0.4279513888888889 0.010416666666666666 0.03211805555555555
0 0.0763888888888889 0.5677083333333334 0.006076388888888889 0.010416666666666666