3 0.15364583333333334 0.3289930555555556 0.008680555555555556 0.036458333333333336
2 0.3489583333333333 0.3350694444444444 0.013020833333333334 0.03298611111111111
2 0.3602430555555556 0.3368055555555556 0.009548611111111112 0.03732638888888889
2 0.7534722222222222 0.3220486111111111 0.0078125 0.03732638888888889
2 0.7126736111111112 0.3350694444444444 0.009548611111111112 0.0390625
2 0.2682291666666667 0.3585069444444444 0.009548611111111112 0.03819444444444445
2 0.3802083333333333 0.3576388888888889 0.013020833333333334 0.04079861111111111
1 0.9079861111111112 0.3697916666666667 0.011284722222222222 0.04600694444444445
2 0.7256944444444444 0.3428819444444444 0.0078125 0.042534722222222224
2 0.3637152777777778 0.4001736111111111 0.009548611111111112 0.044270833333333336
3 0.6024305555555556 0.3515625 0.011284722222222222 0.043402777777777776
2 0.5772569444444444 0.3446180555555556 0.006944444444444444 0.03993055555555555
2 0.5451388888888888 0.3741319444444444 0.011284722222222222 0.0390625
2 0.6276041666666666 0.3845486111111111 0.011284722222222222 0.044270833333333336
2 0.5859375 0.3854166666666667 0.009548611111111112 0.046875
2 0.8055555555555556 0.4192708333333333 0.013888888888888888 0.050347222222222224
2 0.7890625 0.4418402777777778 0.014756944444444444 0.046875
2 0.14583333333333334 0.4123263888888889 0.012152777777777778 0.05295138888888889
2 0.4609375 0.4296875 0.0078125 0.050347222222222224
2 0.18836805555555555 0.53125 0.016493055555555556 0.06770833333333333
2 0.16493055555555555 0.4817708333333333 0.011284722222222222 0.06076388888888889
2 0.3993055555555556 0.5494791666666666 0.019097222222222224 0.059895833333333336