2 0.5954861111111112 0.2569444444444444 0.011284722222222222 0.036458333333333336
2 0.5642361111111112 0.3012152777777778 0.011284722222222222 0.028645833333333332
2 0.6961805555555556 0.2439236111111111 0.011284722222222222 0.03732638888888889
2 0.7317708333333334 0.2534722222222222 0.008680555555555556 0.04079861111111111
2 0.2630208333333333 0.2534722222222222 0.006944444444444444 0.03993055555555555
2 0.4305555555555556 0.2482638888888889 0.009548611111111112 0.03732638888888889
2 0.2795138888888889 0.2769097222222222 0.016493055555555556 0.043402777777777776
3 0.22395833333333334 0.2300347222222222 0.013888888888888888 0.036458333333333336
2 0.7552083333333334 0.2717013888888889 0.012152777777777778 0.04079861111111111
2 0.6467013888888888 0.3654513888888889 0.011284722222222222 0.057291666666666664
2 0.7717013888888888 0.2855902777777778 0.010416666666666666 0.050347222222222224
2 0.8315972222222222 0.34375 0.012152777777777778 0.059895833333333336
2 0.6371527777777778 0.2925347222222222 0.010416666666666666 0.04774305555555555
2 0.5616319444444444 0.3359375 0.013020833333333334 0.0546875
3 0.5182291666666666 0.3072916666666667 0.011284722222222222 0.05295138888888889
2 0.4704861111111111 0.3394097222222222 0.011284722222222222 0.0546875
2 0.3732638888888889 0.4175347222222222 0.014756944444444444 0.06163194444444445
2 0.7118055555555556 0.3515625 0.011284722222222222 0.058159722222222224
2 0.8029513888888888 0.4348958333333333 0.014756944444444444 0.0685763888888889
2 0.1232638888888889 0.3229166666666667 0.013888888888888888 0.05381944444444445
2 0.5885416666666666 0.4270833333333333 0.014756944444444444 0.06770833333333333
2 0.8602430555555556 0.4340277777777778 0.012152777777777778 0.06684027777777778
0 0.4157986111111111 0.2682291666666667 0.005208333333333333 0.010416666666666666