3 0.2387152777777778 0.2361111111111111 0.008680555555555556 0.03993055555555555
2 0.5269097222222222 0.3420138888888889 0.013888888888888888 0.052083333333333336
2 0.6137152777777778 0.2838541666666667 0.012152777777777778 0.03732638888888889
2 0.625 0.2916666666666667 0.014756944444444444 0.044270833333333336
2 0.5998263888888888 0.2743055555555556 0.014756944444444444 0.041666666666666664
2 0.5269097222222222 0.3697916666666667 0.012152777777777778 0.0546875
2 0.6987847222222222 0.2890625 0.010416666666666666 0.04513888888888889
3 0.4835069444444444 0.3098958333333333 0.013888888888888888 0.049479166666666664
2 0.4809027777777778 0.265625 0.009548611111111112 0.041666666666666664
2 0.6362847222222222 0.3359375 0.011284722222222222 0.05295138888888889
2 0.25 0.2925347222222222 0.009548611111111112 0.04600694444444445
2 0.5130208333333334 0.4097222222222222 0.012152777777777778 0.06163194444444445
2 0.3359375 0.3854166666666667 0.019097222222222224 0.0546875
2 0.5572916666666666 0.4149305555555556 0.013888888888888888 0.06163194444444445
2 0.16927083333333334 0.3515625 0.011284722222222222 0.05642361111111111
2 0.7465277777777778 0.34375 0.012152777777777778 0.05295138888888889
2 0.3315972222222222 0.4739583333333333 0.016493055555555556 0.07378472222222222
2 0.6970486111111112 0.3880208333333333 0.016493055555555556 0.06336805555555555
2 0.8029513888888888 0.53125 0.016493055555555556 0.07552083333333333
2 0.6953125 0.5503472222222222 0.019965277777777776 0.08159722222222222
2 0.8116319444444444 0.3958333333333333 0.015625 0.0642361111111111
2 0.5355902777777778 0.5182291666666666 0.019965277777777776 0.0703125
0 0.1779513888888889 0.3671875 0.005208333333333333 0.011284722222222222