2 0.3585069444444444 0.34375 0.011284722222222222 0.041666666666666664
2 0.4184027777777778 0.2612847222222222 0.008680555555555556 0.03819444444444445
2 0.6666666666666666 0.3706597222222222 0.012152777777777778 0.046875
2 0.17881944444444445 0.4661458333333333 0.013888888888888888 0.03819444444444445
2 0.359375 0.3723958333333333 0.010416666666666666 0.05642361111111111
2 0.3289930555555556 0.2986111111111111 0.008680555555555556 0.041666666666666664
2 0.5347222222222222 0.3159722222222222 0.013888888888888888 0.03993055555555555
2 0.17881944444444445 0.5095486111111112 0.014756944444444444 0.07378472222222222
2 0.4722222222222222 0.3420138888888889 0.009548611111111112 0.04600694444444445
2 0.7256944444444444 0.2916666666666667 0.009548611111111112 0.04600694444444445
2 0.4626736111111111 0.4453125 0.013020833333333334 0.06510416666666667
2 0.6605902777777778 0.3862847222222222 0.012152777777777778 0.0546875
2 0.8480902777777778 0.3897569444444444 0.010416666666666666 0.059895833333333336
2 0.2465277777777778 0.3949652777777778 0.016493055555555556 0.059895833333333336
2 0.2222222222222222 0.3784722222222222 0.013020833333333334 0.059027777777777776
2 0.5269097222222222 0.7196180555555556 0.018229166666666668 0.09722222222222222
2 0.2092013888888889 0.4331597222222222 0.017361111111111112 0.06510416666666667
2 0.5807291666666666 0.4583333333333333 0.012152777777777778 0.0720486111111111
3 0.375 0.4505208333333333 0.013020833333333334 0.0685763888888889
2 0.4921875 0.4774305555555556 0.017361111111111112 0.06770833333333333
2 0.8741319444444444 0.5737847222222222 0.019097222222222224 0.08680555555555555
3 0.2934027777777778 0.24739583333333334 0.010416666666666666 0.03993055555555555
0 0.671875 0.3871527777777778 0.006944444444444444 0.013020833333333334