2 0.6510416666666666 0.23958333333333334 0.009548611111111112 0.03819444444444445
3 0.20399305555555555 0.234375 0.008680555555555556 0.0390625
2 0.6736111111111112 0.2517361111111111 0.013888888888888888 0.035590277777777776
2 0.6527777777777778 0.3550347222222222 0.016493055555555556 0.049479166666666664
2 0.7092013888888888 0.3446180555555556 0.014756944444444444 0.052083333333333336
2 0.6805555555555556 0.2769097222222222 0.013020833333333334 0.04079861111111111
3 0.5295138888888888 0.3116319444444444 0.018229166666666668 0.04774305555555555
2 0.5894097222222222 0.2829861111111111 0.016493055555555556 0.0390625
2 0.4461805555555556 0.3203125 0.011284722222222222 0.046875
2 0.3506944444444444 0.2578125 0.009548611111111112 0.0390625
2 0.1892361111111111 0.2586805555555556 0.009548611111111112 0.03993055555555555
2 0.4201388888888889 0.2569444444444444 0.014756944444444444 0.041666666666666664
2 0.6180555555555556 0.2725694444444444 0.012152777777777778 0.042534722222222224
2 0.4956597222222222 0.4253472222222222 0.019097222222222224 0.05642361111111111
2 0.4036458333333333 0.2630208333333333 0.012152777777777778 0.04513888888888889
2 0.8298611111111112 0.3854166666666667 0.027777777777777776 0.050347222222222224
2 0.8090277777777778 0.3862847222222222 0.013888888888888888 0.05295138888888889
2 0.7005208333333334 0.4123263888888889 0.019965277777777776 0.059027777777777776
2 0.8376736111111112 0.3255208333333333 0.014756944444444444 0.052083333333333336
2 0.5677083333333334 0.3359375 0.019097222222222224 0.049479166666666664
2 0.1605902777777778 0.3489583333333333 0.018229166666666668 0.059895833333333336
2 0.6822916666666666 0.3020833333333333 0.015625 0.043402777777777776