2 0.7074652777777778 0.1796875 0.018229166666666668 0.05381944444444445
2 0.7005208333333334 0.20399305555555555 0.013888888888888888 0.06336805555555555
2 0.6866319444444444 0.1935763888888889 0.016493055555555556 0.06597222222222222
2 0.7378472222222222 0.22395833333333334 0.019965277777777776 0.0546875
2 0.7387152777777778 0.2751736111111111 0.021701388888888888 0.08159722222222222
2 0.4496527777777778 0.14930555555555555 0.009548611111111112 0.059895833333333336
2 0.7977430555555556 0.22569444444444445 0.011284722222222222 0.07378472222222222
2 0.2013888888888889 0.19444444444444445 0.013020833333333334 0.0703125
2 0.3046875 0.1987847222222222 0.014756944444444444 0.06597222222222222
2 0.5789930555555556 0.203125 0.021701388888888888 0.057291666666666664
2 0.2951388888888889 0.2578125 0.016493055555555556 0.06944444444444445
2 0.4175347222222222 0.1996527777777778 0.015625 0.0703125
2 0.8177083333333334 0.2621527777777778 0.013888888888888888 0.07378472222222222
2 0.5147569444444444 0.2282986111111111 0.025173611111111112 0.057291666666666664
2 0.6171875 0.22135416666666666 0.019097222222222224 0.07118055555555555
3 0.4644097222222222 0.2638888888888889 0.019965277777777776 0.0798611111111111
2 0.4835069444444444 0.2265625 0.015625 0.0685763888888889
2 0.20833333333333334 0.2534722222222222 0.013888888888888888 0.07899305555555555
2 0.3923611111111111 0.3480902777777778 0.024305555555555556 0.07552083333333333
2 0.8802083333333334 0.3151041666666667 0.017361111111111112 0.0798611111111111
3 0.1831597222222222 0.13020833333333334 0.014756944444444444 0.06770833333333333
2 0.6892361111111112 0.1762152777777778 0.020833333333333332 0.06336805555555555