2 0.3159722222222222 0.9739583333333334 0.025173611111111112 0.051215277777777776
2 0.1605902777777778 0.2421875 0.010416666666666666 0.042534722222222224
2 0.109375 0.34375 0.012152777777777778 0.03298611111111111
2 0.15625 0.2760416666666667 0.011284722222222222 0.044270833333333336
2 0.2847222222222222 0.3046875 0.010416666666666666 0.051215277777777776
0 0.6623263888888888 0.5711805555555556 0.006944444444444444 0.012152777777777778
2 0.5911458333333334 0.24131944444444445 0.009548611111111112 0.041666666666666664
2 0.4956597222222222 0.3324652777777778 0.016493055555555556 0.05381944444444445
2 0.5069444444444444 0.2864583333333333 0.011284722222222222 0.051215277777777776
1 0.9357638888888888 0.3185763888888889 0.013888888888888888 0.0546875
2 0.11197916666666667 0.4331597222222222 0.014756944444444444 0.057291666666666664
2 0.5373263888888888 0.3567708333333333 0.013888888888888888 0.058159722222222224
2 0.11805555555555555 0.3776041666666667 0.019965277777777776 0.05555555555555555
2 0.4756944444444444 0.4157986111111111 0.013888888888888888 0.06684027777777778
2 0.6675347222222222 0.3177083333333333 0.010416666666666666 0.05381944444444445
2 0.453125 0.375 0.012152777777777778 0.057291666666666664
2 0.2595486111111111 0.3454861111111111 0.013888888888888888 0.0546875
2 0.4835069444444444 0.4774305555555556 0.014756944444444444 0.07465277777777778
2 0.3888888888888889 0.6171875 0.030381944444444444 0.08854166666666667
2 0.3463541666666667 0.5104166666666666 0.0234375 0.0703125
2 0.8871527777777778 0.53125 0.019097222222222224 0.08854166666666667
3 0.2881944444444444 0.3810763888888889 0.014756944444444444 0.06510416666666667
2 0.6684027777777778 0.3932291666666667 0.013020833333333334 0.0703125
2 0.6440972222222222 0.6909722222222222 0.020833333333333332 0.10069444444444445
3 0.10503472222222222 0.2282986111111111 0.011284722222222222 0.046875