2 0.18489583333333334 0.2578125 0.013020833333333334 0.046875
0 0.8194444444444444 0.5598958333333334 0.0078125 0.012152777777777778
2 0.1519097222222222 0.3159722222222222 0.016493055555555556 0.05295138888888889
2 0.5364583333333334 0.7230902777777778 0.03819444444444445 0.1076388888888889
2 0.2838541666666667 0.3368055555555556 0.012152777777777778 0.059895833333333336
2 0.5868055555555556 0.2586805555555556 0.011284722222222222 0.04774305555555555
2 0.4618055555555556 0.3689236111111111 0.017361111111111112 0.058159722222222224
2 0.4409722222222222 0.3767361111111111 0.0234375 0.06163194444444445
2 0.6822916666666666 0.3515625 0.019965277777777776 0.0642361111111111
2 0.4991319444444444 0.3046875 0.014756944444444444 0.052083333333333336
2 0.7847222222222222 0.4131944444444444 0.016493055555555556 0.0703125
3 0.2517361111111111 0.4340277777777778 0.014756944444444444 0.078125
2 0.5173611111111112 0.4774305555555556 0.017361111111111112 0.07899305555555555
2 0.12152777777777778 0.453125 0.014756944444444444 0.078125
2 0.2751736111111111 0.4045138888888889 0.021701388888888888 0.0685763888888889
2 0.1597222222222222 0.6631944444444444 0.022569444444444444 0.0998263888888889
2 0.4210069444444444 0.4826388888888889 0.020833333333333332 0.08159722222222222
2 0.030381944444444444 0.6024305555555556 0.024305555555555556 0.09722222222222222
2 0.5763888888888888 0.7447916666666666 0.035590277777777776 0.11024305555555555
2 0.8585069444444444 0.5321180555555556 0.017361111111111112 0.0859375
2 0.07378472222222222 0.453125 0.027777777777777776 0.08333333333333333
2 0.3836805555555556 0.5963541666666666 0.03211805555555555 0.08854166666666667
3 0.1293402777777778 0.22569444444444445 0.011284722222222222 0.046875