2 0.5928819444444444 0.6692708333333334 0.027777777777777776 0.046875
2 0.2387152777777778 0.3532986111111111 0.012152777777777778 0.044270833333333336
3 0.9748263888888888 0.671875 0.027777777777777776 0.078125
2 0.2899305555555556 0.3619791666666667 0.009548611111111112 0.043402777777777776
2 0.5017361111111112 0.3168402777777778 0.009548611111111112 0.0390625
2 0.3194444444444444 0.4175347222222222 0.011284722222222222 0.0546875
2 0.4340277777777778 0.3307291666666667 0.008680555555555556 0.041666666666666664
2 0.5928819444444444 0.3819444444444444 0.010416666666666666 0.05295138888888889
2 0.2074652777777778 0.4427083333333333 0.011284722222222222 0.059895833333333336
1 0.9392361111111112 0.4053819444444444 0.012152777777777778 0.0546875
2 0.1970486111111111 0.4331597222222222 0.013888888888888888 0.059027777777777776
3 0.3055555555555556 0.453125 0.013020833333333334 0.059895833333333336
2 0.7369791666666666 0.5503472222222222 0.016493055555555556 0.0720486111111111
2 0.7534722222222222 0.4678819444444444 0.021701388888888888 0.05555555555555555
2 0.671875 0.6336805555555556 0.026909722222222224 0.07899305555555555
2 0.12586805555555555 0.5946180555555556 0.019965277777777776 0.08072916666666667
2 0.75 0.6276041666666666 0.019965277777777776 0.06076388888888889
2 0.5842013888888888 0.3975694444444444 0.012152777777777778 0.05555555555555555
2 0.9097222222222222 0.5902777777777778 0.022569444444444444 0.07899305555555555
2 0.8142361111111112 0.6666666666666666 0.018229166666666668 0.08680555555555555
2 0.2960069444444444 0.6302083333333334 0.019965277777777776 0.0859375
2 0.14583333333333334 0.7118055555555556 0.022569444444444444 0.09288194444444445
0 0.7465277777777778 0.4887152777777778 0.006944444444444444 0.013020833333333334
2 0.3064236111111111 0.3098958333333333 0.013020833333333334 0.03993055555555555
3 0.2152777777777778 0.2777777777777778 0.008680555555555556 0.035590277777777776