2 0.6380208333333334 0.1935763888888889 0.008680555555555556 0.059895833333333336
2 0.6449652777777778 0.17708333333333334 0.011284722222222222 0.046875
2 0.6319444444444444 0.20052083333333334 0.010416666666666666 0.05295138888888889
2 0.6067708333333334 0.17708333333333334 0.013888888888888888 0.049479166666666664
3 0.1909722222222222 0.1657986111111111 0.012152777777777778 0.050347222222222224
2 0.4331597222222222 0.1779513888888889 0.013020833333333334 0.046875
2 0.4635416666666667 0.2109375 0.012152777777777778 0.059027777777777776
2 0.5590277777777778 0.21006944444444445 0.014756944444444444 0.059895833333333336
2 0.4939236111111111 0.2092013888888889 0.014756944444444444 0.0546875
2 0.2821180555555556 0.203125 0.019965277777777776 0.051215277777777776
2 0.7552083333333334 0.2109375 0.013020833333333334 0.059027777777777776
2 0.2960069444444444 0.2638888888888889 0.011284722222222222 0.06684027777777778
2 0.5963541666666666 0.23350694444444445 0.016493055555555556 0.057291666666666664
2 0.7890625 0.24913194444444445 0.011284722222222222 0.06770833333333333
2 0.2595486111111111 0.20225694444444445 0.012152777777777778 0.06076388888888889
2 0.8298611111111112 0.3324652777777778 0.010416666666666666 0.078125
2 0.7508680555555556 0.2960069444444444 0.013888888888888888 0.0685763888888889
2 0.1909722222222222 0.2690972222222222 0.021701388888888888 0.06770833333333333
2 0.4609375 0.2743055555555556 0.021701388888888888 0.059027777777777776
3 0.5529513888888888 0.2604166666666667 0.014756944444444444 0.0703125
2 0.24739583333333334 0.3567708333333333 0.018229166666666668 0.0842013888888889