2 0.6163194444444444 0.1953125 0.019965277777777776 0.059027777777777776
3 0.22916666666666666 0.1284722222222222 0.013888888888888888 0.06163194444444445
2 0.6102430555555556 0.2109375 0.026041666666666668 0.07118055555555555
2 0.5581597222222222 0.1640625 0.020833333333333332 0.05642361111111111
2 0.3940972222222222 0.1935763888888889 0.018229166666666668 0.06944444444444445
2 0.3315972222222222 0.18836805555555555 0.013888888888888888 0.06684027777777778
2 0.4487847222222222 0.19010416666666666 0.012152777777777778 0.06597222222222222
2 0.2916666666666667 0.24131944444444445 0.013888888888888888 0.07118055555555555
2 0.5138888888888888 0.17881944444444445 0.013020833333333334 0.059895833333333336
2 0.5442708333333334 0.1918402777777778 0.017361111111111112 0.06163194444444445
2 0.2690972222222222 0.18663194444444445 0.013020833333333334 0.07118055555555555
2 0.6753472222222222 0.1762152777777778 0.021701388888888888 0.06510416666666667
2 0.7821180555555556 0.2048611111111111 0.013888888888888888 0.06944444444444445
2 0.3003472222222222 0.3020833333333333 0.019097222222222224 0.0842013888888889
3 0.4565972222222222 0.2647569444444444 0.018229166666666668 0.0798611111111111
2 0.4800347222222222 0.22569444444444445 0.013888888888888888 0.07291666666666667
2 0.2361111111111111 0.2404513888888889 0.019965277777777776 0.07465277777777778
2 0.8055555555555556 0.2534722222222222 0.022569444444444444 0.07725694444444445
2 0.6579861111111112 0.2126736111111111 0.026909722222222224 0.06336805555555555
2 0.7682291666666666 0.3255208333333333 0.017361111111111112 0.0842013888888889
2 0.7039930555555556 0.2838541666666667 0.030381944444444444 0.078125
2 0.3923611111111111 0.1579861111111111 0.020833333333333332 0.0625
0 0.5659722222222222 0.13802083333333334 0.004340277777777778 0.009548611111111112