3 0.16927083333333334 0.1623263888888889 0.012152777777777778 0.0546875
2 0.4192708333333333 0.1701388888888889 0.016493055555555556 0.046875
2 0.5399305555555556 0.1857638888888889 0.014756944444444444 0.043402777777777776
2 0.6059027777777778 0.17100694444444445 0.010416666666666666 0.049479166666666664
2 0.6848958333333334 0.1814236111111111 0.011284722222222222 0.052083333333333336
2 0.5251736111111112 0.203125 0.019965277777777776 0.050347222222222224
2 0.2647569444444444 0.1909722222222222 0.009548611111111112 0.05555555555555555
2 0.4600694444444444 0.1935763888888889 0.016493055555555556 0.0642361111111111
2 0.4461805555555556 0.1970486111111111 0.013020833333333334 0.058159722222222224
2 0.6536458333333334 0.19010416666666666 0.013888888888888888 0.044270833333333336
2 0.19444444444444445 0.1953125 0.013020833333333334 0.05642361111111111
2 0.6284722222222222 0.1623263888888889 0.013888888888888888 0.043402777777777776
2 0.13368055555555555 0.265625 0.013888888888888888 0.06944444444444445
2 0.6996527777777778 0.19791666666666666 0.019097222222222224 0.04513888888888889
2 0.2847222222222222 0.2621527777777778 0.016493055555555556 0.06684027777777778
2 0.7743055555555556 0.2439236111111111 0.014756944444444444 0.06684027777777778
3 0.5555555555555556 0.2439236111111111 0.016493055555555556 0.0642361111111111
2 0.6310763888888888 0.23177083333333334 0.013020833333333334 0.06510416666666667
2 0.2638888888888889 0.3697916666666667 0.015625 0.08506944444444445
2 0.7621527777777778 0.3263888888888889 0.013888888888888888 0.07465277777777778
2 0.4548611111111111 0.3220486111111111 0.017361111111111112 0.078125
2 0.8524305555555556 0.3237847222222222 0.014756944444444444 0.07378472222222222