2 0.4739583333333333 0.20225694444444445 0.008680555555555556 0.03993055555555555
3 0.2977430555555556 0.19791666666666666 0.011284722222222222 0.046875
2 0.2890625 0.2404513888888889 0.010416666666666666 0.04774305555555555
2 0.20572916666666666 0.3663194444444444 0.013888888888888888 0.06770833333333333
2 0.7022569444444444 0.2647569444444444 0.015625 0.052083333333333336
2 0.5494791666666666 0.2578125 0.012152777777777778 0.049479166666666664
2 0.5850694444444444 0.2873263888888889 0.014756944444444444 0.051215277777777776
3 0.3689236111111111 0.3776041666666667 0.012152777777777778 0.0720486111111111
2 0.5711805555555556 0.4965277777777778 0.014756944444444444 0.08159722222222222
2 0.3810763888888889 0.2821180555555556 0.010416666666666666 0.0546875
2 0.23177083333333334 0.3064236111111111 0.013020833333333334 0.058159722222222224
2 0.6232638888888888 0.3090277777777778 0.011284722222222222 0.059027777777777776
2 0.3524305555555556 0.2534722222222222 0.016493055555555556 0.04774305555555555
2 0.2526041666666667 0.3107638888888889 0.014756944444444444 0.057291666666666664
2 0.8324652777777778 0.3776041666666667 0.016493055555555556 0.06597222222222222
2 0.5234375 0.4401041666666667 0.022569444444444444 0.07552083333333333
2 0.3975694444444444 0.3428819444444444 0.017361111111111112 0.052083333333333336
2 0.3923611111111111 0.4166666666666667 0.014756944444444444 0.0720486111111111
2 0.890625 0.5451388888888888 0.019965277777777776 0.09375
2 0.13541666666666666 0.4730902777777778 0.021701388888888888 0.08072916666666667
2 0.1753472222222222 0.5859375 0.019097222222222224 0.0954861111111111
2 0.4184027777777778 0.7204861111111112 0.035590277777777776 0.1076388888888889
0 0.7413194444444444 0.3263888888888889 0.006944444444444444 0.013020833333333334