2 0.3498263888888889 0.2838541666666667 0.013888888888888888 0.036458333333333336
1 0.9253472222222222 0.3125 0.009548611111111112 0.049479166666666664
2 0.3203125 0.2690972222222222 0.012152777777777778 0.033854166666666664
2 0.7039930555555556 0.2482638888888889 0.011284722222222222 0.0390625
2 0.22743055555555555 0.3168402777777778 0.010416666666666666 0.04600694444444445
2 0.3602430555555556 0.3203125 0.013020833333333334 0.049479166666666664
2 0.6510416666666666 0.3177083333333333 0.012152777777777778 0.04513888888888889
2 0.2361111111111111 0.3446180555555556 0.012152777777777778 0.051215277777777776
2 0.6241319444444444 0.3185763888888889 0.013888888888888888 0.0390625
2 0.6154513888888888 0.2769097222222222 0.009548611111111112 0.043402777777777776
2 0.8125 0.3151041666666667 0.009548611111111112 0.04774305555555555
2 0.7534722222222222 0.3506944444444444 0.013020833333333334 0.051215277777777776
2 0.6588541666666666 0.4305555555555556 0.012152777777777778 0.057291666666666664
2 0.1935763888888889 0.3914930555555556 0.014756944444444444 0.05555555555555555
2 0.5520833333333334 0.3741319444444444 0.011284722222222222 0.05381944444444445
2 0.5373263888888888 0.375 0.012152777777777778 0.057291666666666664
3 0.4010416666666667 0.3637152777777778 0.011284722222222222 0.057291666666666664
2 0.234375 0.5295138888888888 0.019097222222222224 0.07725694444444445
2 0.8967013888888888 0.4895833333333333 0.016493055555555556 0.07552083333333333
2 0.6059027777777778 0.6805555555555556 0.019965277777777776 0.09809027777777778
2 0.1953125 0.4800347222222222 0.0234375 0.0685763888888889
3 0.19270833333333334 0.2465277777777778 0.012152777777777778 0.042534722222222224
2 0.359375 0.2465277777777778 0.011284722222222222 0.03732638888888889
0 0.6631944444444444 0.3428819444444444 0.005208333333333333 0.010416666666666666