2 0.2899305555555556 0.2612847222222222 0.009548611111111112 0.0390625
2 0.1970486111111111 0.2899305555555556 0.009548611111111112 0.044270833333333336
2 0.3211805555555556 0.2795138888888889 0.009548611111111112 0.03993055555555555
2 0.2092013888888889 0.3168402777777778 0.011284722222222222 0.046875
1 0.9652777777777778 0.3428819444444444 0.012152777777777778 0.04774305555555555
0 0.8315972222222222 0.5581597222222222 0.006944444444444444 0.011284722222222222
2 0.4435763888888889 0.2769097222222222 0.010416666666666666 0.041666666666666664
2 0.6180555555555556 0.3012152777777778 0.008680555555555556 0.044270833333333336
2 0.4817708333333333 0.2673611111111111 0.008680555555555556 0.042534722222222224
2 0.15885416666666666 0.3741319444444444 0.012152777777777778 0.05642361111111111
2 0.1232638888888889 0.609375 0.029513888888888888 0.07552083333333333
2 0.5868055555555556 0.2821180555555556 0.009548611111111112 0.046875
2 0.14583333333333334 0.3559027777777778 0.012152777777777778 0.05642361111111111
2 0.24305555555555555 0.4201388888888889 0.017361111111111112 0.06336805555555555
3 0.2881944444444444 0.375 0.013020833333333334 0.059027777777777776
2 0.3133680555555556 0.5208333333333334 0.016493055555555556 0.07465277777777778
2 0.4288194444444444 0.390625 0.016493055555555556 0.05555555555555555
2 0.4331597222222222 0.4852430555555556 0.016493055555555556 0.06163194444444445
2 0.6032986111111112 0.4357638888888889 0.013020833333333334 0.0642361111111111
2 0.2769097222222222 0.7821180555555556 0.027777777777777776 0.1015625
2 0.5147569444444444 0.4348958333333333 0.019097222222222224 0.06336805555555555
2 0.6840277777777778 0.4921875 0.014756944444444444 0.06770833333333333
2 0.8967013888888888 0.5234375 0.019965277777777776 0.07725694444444445