2 0.5251736111111112 0.2508680555555556 0.011284722222222222 0.049479166666666664
2 0.4331597222222222 0.2404513888888889 0.008680555555555556 0.046875
2 0.4704861111111111 0.2543402777777778 0.013020833333333334 0.049479166666666664
2 0.5164930555555556 0.2621527777777778 0.021701388888888888 0.051215277777777776
2 0.5442708333333334 0.23697916666666666 0.013888888888888888 0.04600694444444445
2 0.5946180555555556 0.24739583333333334 0.009548611111111112 0.052083333333333336
2 0.3263888888888889 0.2552083333333333 0.009548611111111112 0.0546875
2 0.4487847222222222 0.2543402777777778 0.009548611111111112 0.04079861111111111
2 0.3402777777777778 0.2552083333333333 0.011284722222222222 0.052083333333333336
2 0.13802083333333334 0.2743055555555556 0.008680555555555556 0.05295138888888889
1 0.8576388888888888 0.2690972222222222 0.014756944444444444 0.06076388888888889
2 0.5815972222222222 0.296875 0.013888888888888888 0.05555555555555555
2 0.6510416666666666 0.2751736111111111 0.012152777777777778 0.0546875
2 0.08246527777777778 0.2734375 0.013888888888888888 0.057291666666666664
2 0.7256944444444444 0.3159722222222222 0.015625 0.057291666666666664
3 0.3576388888888889 0.2760416666666667 0.015625 0.05555555555555555
2 0.1189236111111111 0.3463541666666667 0.020833333333333332 0.06510416666666667
2 0.4383680555555556 0.2864583333333333 0.016493055555555556 0.058159722222222224
2 0.1519097222222222 0.3463541666666667 0.013888888888888888 0.06684027777777778
2 0.4861111111111111 0.3854166666666667 0.027777777777777776 0.0642361111111111
0 0.4800347222222222 0.2717013888888889 0.005208333333333333 0.010416666666666666
2 0.46875 0.21006944444444445 0.011284722222222222 0.036458333333333336
2 0.4739583333333333 0.23958333333333334 0.013888888888888888 0.046875