2 0.7239583333333334 0.2578125 0.008680555555555556 0.04513888888888889
2 0.7170138888888888 0.2612847222222222 0.009548611111111112 0.044270833333333336
2 0.5868055555555556 0.20572916666666666 0.011284722222222222 0.03298611111111111
2 0.7508680555555556 0.2847222222222222 0.009548611111111112 0.046875
2 0.6137152777777778 0.21961805555555555 0.017361111111111112 0.036458333333333336
2 0.7821180555555556 0.3012152777777778 0.008680555555555556 0.04600694444444445
2 0.6597222222222222 0.2760416666666667 0.009548611111111112 0.051215277777777776
3 0.515625 0.23524305555555555 0.0078125 0.041666666666666664
2 0.5763888888888888 0.24131944444444445 0.010416666666666666 0.041666666666666664
2 0.7456597222222222 0.3229166666666667 0.008680555555555556 0.05381944444444445
2 0.4184027777777778 0.22569444444444445 0.008680555555555556 0.03993055555555555
2 0.7621527777777778 0.3246527777777778 0.009548611111111112 0.051215277777777776
2 0.6736111111111112 0.3480902777777778 0.016493055555555556 0.0546875
2 0.1388888888888889 0.2951388888888889 0.011284722222222222 0.05295138888888889
2 0.16493055555555555 0.3671875 0.017361111111111112 0.06597222222222222
2 0.4765625 0.3072916666666667 0.017361111111111112 0.049479166666666664
2 0.4010416666666667 0.2994791666666667 0.013888888888888888 0.052083333333333336
2 0.15625 0.2942708333333333 0.011284722222222222 0.0546875
0 0.6041666666666666 0.23524305555555555 0.005208333333333333 0.011284722222222222
2 0.5763888888888888 0.2065972222222222 0.013888888888888888 0.03732638888888889
1 0.8081597222222222 0.2864583333333333 0.013888888888888888 0.042534722222222224
2 0.6597222222222222 0.2569444444444444 0.014756944444444444 0.043402777777777776