2 0.5295138888888888 0.2421875 0.006076388888888889 0.030381944444444444
2 0.3289930555555556 0.24479166666666666 0.006944444444444444 0.03732638888888889
2 0.3368055555555556 0.2560763888888889 0.009548611111111112 0.044270833333333336
2 0.6302083333333334 0.2543402777777778 0.017361111111111112 0.050347222222222224
2 0.6701388888888888 0.2421875 0.009548611111111112 0.041666666666666664
2 0.5277777777777778 0.2717013888888889 0.008680555555555556 0.043402777777777776
2 0.4956597222222222 0.24913194444444445 0.008680555555555556 0.041666666666666664
2 0.5043402777777778 0.25 0.008680555555555556 0.042534722222222224
1 0.9097222222222222 0.2960069444444444 0.009548611111111112 0.04774305555555555
3 0.4045138888888889 0.3020833333333333 0.008680555555555556 0.046875
2 0.5885416666666666 0.2916666666666667 0.0234375 0.042534722222222224
2 0.1701388888888889 0.2899305555555556 0.012152777777777778 0.04600694444444445
2 0.1545138888888889 0.2864583333333333 0.011284722222222222 0.049479166666666664
2 0.3046875 0.3211805555555556 0.017361111111111112 0.04600694444444445
2 0.22569444444444445 0.3289930555555556 0.012152777777777778 0.052083333333333336
2 0.4071180555555556 0.3828125 0.012152777777777778 0.06076388888888889
2 0.2682291666666667 0.4817708333333333 0.013888888888888888 0.07378472222222222
2 0.7578125 0.4123263888888889 0.019097222222222224 0.0685763888888889
2 0.5477430555555556 0.6302083333333334 0.022569444444444444 0.09461805555555555
2 0.5946180555555556 0.4149305555555556 0.013020833333333334 0.06510416666666667
2 0.1892361111111111 0.4375 0.020833333333333332 0.06944444444444445
0 0.6015625 0.3116319444444444 0.006076388888888889 0.010416666666666666
2 0.5208333333333334 0.22916666666666666 0.010416666666666666 0.035590277777777776
3 0.15625 0.2404513888888889 0.009548611111111112 0.04600694444444445