3 0.21614583333333334 0.22135416666666666 0.010416666666666666 0.041666666666666664
0 0.7907986111111112 0.3211805555555556 0.006076388888888889 0.012152777777777778
2 0.34375 0.2439236111111111 0.008680555555555556 0.0390625
2 0.11371527777777778 0.4539930555555556 0.017361111111111112 0.0720486111111111
2 0.4053819444444444 0.2795138888888889 0.013020833333333334 0.041666666666666664
2 0.2586805555555556 0.2786458333333333 0.011284722222222222 0.04600694444444445
2 0.10416666666666667 0.4748263888888889 0.013020833333333334 0.0642361111111111
2 0.6302083333333334 0.2604166666666667 0.010416666666666666 0.044270833333333336
2 0.2769097222222222 0.3220486111111111 0.019097222222222224 0.050347222222222224
2 0.1527777777777778 0.3072916666666667 0.013888888888888888 0.052083333333333336
2 0.6779513888888888 0.2526041666666667 0.017361111111111112 0.03993055555555555
2 0.5555555555555556 0.3159722222222222 0.012152777777777778 0.049479166666666664
2 0.5243055555555556 0.4097222222222222 0.022569444444444444 0.06597222222222222
2 0.6814236111111112 0.3151041666666667 0.018229166666666668 0.04079861111111111
2 0.19791666666666666 0.3550347222222222 0.014756944444444444 0.06076388888888889
2 0.5069444444444444 0.4756944444444444 0.0234375 0.06770833333333333
2 0.4435763888888889 0.3967013888888889 0.019965277777777776 0.06163194444444445
2 0.17708333333333334 0.4001736111111111 0.022569444444444444 0.06510416666666667
3 0.3194444444444444 0.40625 0.017361111111111112 0.0685763888888889
2 0.3524305555555556 0.7256944444444444 0.026041666666666668 0.10677083333333333
2 0.9079861111111112 0.3489583333333333 0.009548611111111112 0.058159722222222224
2 0.8758680555555556 0.5590277777777778 0.025173611111111112 0.08940972222222222