0 0.5920138888888888 0.6284722222222222 0.006944444444444444 0.012152777777777778
2 0.2951388888888889 0.3072916666666667 0.008680555555555556 0.03732638888888889
2 0.5998263888888888 0.3645833333333333 0.009548611111111112 0.04513888888888889
2 0.2421875 0.3810763888888889 0.008680555555555556 0.049479166666666664
2 0.19618055555555555 0.4045138888888889 0.011284722222222222 0.050347222222222224
2 0.5633680555555556 0.5225694444444444 0.013020833333333334 0.06163194444444445
2 0.5989583333333334 0.4314236111111111 0.014756944444444444 0.049479166666666664
2 0.4704861111111111 0.3090277777777778 0.008680555555555556 0.0390625
2 0.1076388888888889 0.5399305555555556 0.016493055555555556 0.07465277777777778
2 0.4105902777777778 0.3220486111111111 0.009548611111111112 0.04079861111111111
2 0.578125 0.3420138888888889 0.008680555555555556 0.04600694444444445
3 0.2743055555555556 0.4435763888888889 0.012152777777777778 0.059895833333333336
2 0.18229166666666666 0.4262152777777778 0.011284722222222222 0.059027777777777776
1 0.8958333333333334 0.4010416666666667 0.011284722222222222 0.05555555555555555
3 0.9652777777777778 0.6536458333333334 0.014756944444444444 0.07378472222222222
2 0.5833333333333334 0.5451388888888888 0.014756944444444444 0.06770833333333333
2 0.2760416666666667 0.6137152777777778 0.018229166666666668 0.07725694444444445
2 0.5321180555555556 0.671875 0.029513888888888888 0.0703125
2 0.1597222222222222 0.6241319444444444 0.016493055555555556 0.08246527777777778
2 0.5989583333333334 0.6753472222222222 0.018229166666666668 0.08333333333333333
2 0.7838541666666666 0.5894097222222222 0.018229166666666668 0.07552083333333333
2 0.9053819444444444 0.6232638888888888 0.025173611111111112 0.0859375
3 0.19010416666666666 0.28125 0.011284722222222222 0.035590277777777776
2 0.2387152777777778 0.3359375 0.008680555555555556 0.04079861111111111
2 0.23177083333333334 0.3342013888888889 0.0078125 0.03993055555555555