0 0.6736111111111112 0.4505208333333333 0.006076388888888889 0.011284722222222222
2 0.3046875 0.24131944444444445 0.008680555555555556 0.03993055555555555
2 0.4045138888888889 0.34375 0.013888888888888888 0.0546875
2 0.5277777777777778 0.3072916666666667 0.011284722222222222 0.04774305555555555
2 0.2543402777777778 0.3090277777777778 0.009548611111111112 0.04774305555555555
2 0.6736111111111112 0.2708333333333333 0.014756944444444444 0.046875
2 0.7144097222222222 0.4765625 0.029513888888888888 0.06597222222222222
2 0.2769097222222222 0.4010416666666667 0.013888888888888888 0.06684027777777778
2 0.6875 0.4279513888888889 0.017361111111111112 0.06076388888888889
2 0.4670138888888889 0.4149305555555556 0.014756944444444444 0.06336805555555555
3 0.3446180555555556 0.4505208333333333 0.013888888888888888 0.0720486111111111
2 0.7413194444444444 0.3802083333333333 0.017361111111111112 0.06076388888888889
2 0.5052083333333334 0.3611111111111111 0.019097222222222224 0.05555555555555555
2 0.9505208333333334 0.4175347222222222 0.014756944444444444 0.0685763888888889
2 0.18229166666666666 0.4045138888888889 0.013888888888888888 0.0703125
2 0.1267361111111111 0.5494791666666666 0.022569444444444444 0.08854166666666667
2 0.7664930555555556 0.4878472222222222 0.029513888888888888 0.07291666666666667
2 0.5225694444444444 0.5399305555555556 0.017361111111111112 0.0842013888888889
2 0.3255208333333333 0.6692708333333334 0.034722222222222224 0.1032986111111111
2 0.4965277777777778 0.7673611111111112 0.033854166666666664 0.11284722222222222
2 0.18489583333333334 0.6909722222222222 0.030381944444444444 0.10069444444444445
2 0.6076388888888888 0.5546875 0.026041666666666668 0.0859375
3 0.2699652777777778 0.2248263888888889 0.010416666666666666 0.043402777777777776