2 0.5069444444444444 0.2048611111111111 0.008680555555555556 0.050347222222222224
2 0.5190972222222222 0.1831597222222222 0.011284722222222222 0.052083333333333336
2 0.5789930555555556 0.20052083333333334 0.0078125 0.044270833333333336
2 0.2942708333333333 0.2092013888888889 0.012152777777777778 0.06076388888888889
2 0.5503472222222222 0.1892361111111111 0.016493055555555556 0.057291666666666664
2 0.6128472222222222 0.1987847222222222 0.009548611111111112 0.0642361111111111
2 0.3975694444444444 0.1831597222222222 0.014756944444444444 0.0546875
2 0.4348958333333333 0.21180555555555555 0.016493055555555556 0.0546875
2 0.4453125 0.2144097222222222 0.016493055555555556 0.05642361111111111
2 0.3411458333333333 0.2152777777777778 0.013888888888888888 0.059895833333333336
2 0.3020833333333333 0.2534722222222222 0.013888888888888888 0.06770833333333333
2 0.5095486111111112 0.2508680555555556 0.016493055555555556 0.0703125
2 0.7673611111111112 0.2673611111111111 0.016493055555555556 0.0720486111111111
2 0.5859375 0.23697916666666666 0.018229166666666668 0.0703125
2 0.265625 0.2612847222222222 0.017361111111111112 0.07118055555555555
2 0.6892361111111112 0.2899305555555556 0.019097222222222224 0.0703125
2 0.2769097222222222 0.3246527777777778 0.014756944444444444 0.08333333333333333
2 0.7274305555555556 0.2265625 0.019965277777777776 0.06510416666666667
3 0.4635416666666667 0.2890625 0.021701388888888888 0.07552083333333333
2 0.7413194444444444 0.3411458333333333 0.025173611111111112 0.08159722222222222
3 0.234375 0.1545138888888889 0.013888888888888888 0.05555555555555555
0 0.4609375 0.042534722222222224 0.006944444444444444 0.013020833333333334