2 0.6180555555555556 0.2326388888888889 0.008680555555555556 0.03732638888888889
2 0.7569444444444444 0.296875 0.012152777777777778 0.052083333333333336
2 0.6848958333333334 0.265625 0.009548611111111112 0.04600694444444445
2 0.5737847222222222 0.22743055555555555 0.011284722222222222 0.03732638888888889
2 0.7074652777777778 0.2760416666666667 0.012152777777777778 0.043402777777777776
2 0.7690972222222222 0.3064236111111111 0.010416666666666666 0.04600694444444445
2 0.5460069444444444 0.2673611111111111 0.008680555555555556 0.04600694444444445
2 0.6927083333333334 0.2925347222222222 0.008680555555555556 0.049479166666666664
3 0.5199652777777778 0.2595486111111111 0.009548611111111112 0.046875
2 0.6414930555555556 0.2881944444444444 0.009548611111111112 0.049479166666666664
2 0.75 0.3298611111111111 0.013020833333333334 0.05295138888888889
2 0.3541666666666667 0.2404513888888889 0.008680555555555556 0.03819444444444445
2 0.14322916666666666 0.3133680555555556 0.009548611111111112 0.05295138888888889
2 0.7907986111111112 0.3350694444444444 0.010416666666666666 0.051215277777777776
2 0.40625 0.3177083333333333 0.009548611111111112 0.05295138888888889
2 0.7109375 0.3776041666666667 0.013020833333333334 0.058159722222222224
2 0.17708333333333334 0.3142361111111111 0.011284722222222222 0.05555555555555555
2 0.4965277777777778 0.3237847222222222 0.015625 0.05295138888888889
2 0.1605902777777778 0.3854166666666667 0.017361111111111112 0.06597222222222222
1 0.8246527777777778 0.2934027777777778 0.012152777777777778 0.043402777777777776
2 0.6215277777777778 0.2265625 0.008680555555555556 0.03819444444444445
3 0.030381944444444444 0.2456597222222222 0.012152777777777778 0.057291666666666664