0 0.640625 0.3854166666666667 0.006076388888888889 0.010416666666666666
2 0.4409722222222222 0.2560763888888889 0.0078125 0.0390625
2 0.3836805555555556 0.2378472222222222 0.011284722222222222 0.03732638888888889
2 0.4878472222222222 0.2543402777777778 0.008680555555555556 0.04513888888888889
2 0.2222222222222222 0.2630208333333333 0.009548611111111112 0.043402777777777776
2 0.6345486111111112 0.265625 0.008680555555555556 0.042534722222222224
2 0.4722222222222222 0.2612847222222222 0.009548611111111112 0.042534722222222224
3 0.3385416666666667 0.3203125 0.009548611111111112 0.049479166666666664
1 0.9505208333333334 0.3203125 0.013888888888888888 0.052083333333333336
2 0.6154513888888888 0.2630208333333333 0.014756944444444444 0.046875
2 0.6076388888888888 0.3463541666666667 0.011284722222222222 0.051215277777777776
2 0.3645833333333333 0.3541666666666667 0.014756944444444444 0.0546875
2 0.2890625 0.2829861111111111 0.012152777777777778 0.049479166666666664
2 0.1527777777777778 0.3255208333333333 0.011284722222222222 0.05555555555555555
2 0.16666666666666666 0.3255208333333333 0.012152777777777778 0.05381944444444445
2 0.8828125 0.4383680555555556 0.016493055555555556 0.07118055555555555
2 0.4401041666666667 0.4157986111111111 0.010416666666666666 0.057291666666666664
2 0.5998263888888888 0.4322916666666667 0.020833333333333332 0.06510416666666667
2 0.6501736111111112 0.3585069444444444 0.011284722222222222 0.059895833333333336
2 0.1909722222222222 0.4991319444444444 0.016493055555555556 0.07725694444444445
2 0.3298611111111111 0.7335069444444444 0.029513888888888888 0.10243055555555555
2 0.4201388888888889 0.3402777777777778 0.011284722222222222 0.051215277777777776
2 0.3246527777777778 0.5130208333333334 0.019965277777777776 0.07899305555555555
3 0.15538194444444445 0.24131944444444445 0.012152777777777778 0.043402777777777776