0 0.4704861111111111 0.1996527777777778 0.006076388888888889 0.011284722222222222
2 0.5026041666666666 0.140625 0.014756944444444444 0.051215277777777776
2 0.5451388888888888 0.19791666666666666 0.016493055555555556 0.057291666666666664
2 0.7256944444444444 0.2543402777777778 0.016493055555555556 0.0720486111111111
2 0.4305555555555556 0.17100694444444445 0.019965277777777776 0.04774305555555555
2 0.3862847222222222 0.17881944444444445 0.019965277777777776 0.052083333333333336
2 0.5633680555555556 0.15885416666666666 0.015625 0.0546875
2 0.3689236111111111 0.203125 0.018229166666666668 0.0642361111111111
2 0.5755208333333334 0.1831597222222222 0.013888888888888888 0.06163194444444445
2 0.07725694444444445 0.21354166666666666 0.013888888888888888 0.07118055555555555
2 0.5355902777777778 0.2282986111111111 0.019097222222222224 0.06510416666666667
2 0.3333333333333333 0.1935763888888889 0.017361111111111112 0.06336805555555555
2 0.18663194444444445 0.2170138888888889 0.019965277777777776 0.06684027777777778
2 0.21180555555555555 0.2890625 0.011284722222222222 0.0798611111111111
3 0.3472222222222222 0.2543402777777778 0.024305555555555556 0.07118055555555555
2 0.08246527777777778 0.2925347222222222 0.019097222222222224 0.07725694444444445
2 0.4236111111111111 0.2534722222222222 0.0234375 0.07378472222222222
2 0.4774305555555556 0.4105902777777778 0.028645833333333332 0.09375
2 0.6961805555555556 0.2126736111111111 0.024305555555555556 0.06684027777777778
2 0.5998263888888888 0.24739583333333334 0.025173611111111112 0.0720486111111111
2 0.5694444444444444 0.2847222222222222 0.027777777777777776 0.06770833333333333
2 0.7942708333333334 0.3064236111111111 0.015625 0.07552083333333333