2 0.05295138888888889 0.6440972222222222 0.021701388888888888 0.0642361111111111
2 0.7751736111111112 0.3706597222222222 0.011284722222222222 0.04079861111111111
1 0.1545138888888889 0.3602430555555556 0.012152777777777778 0.046875
2 0.4227430555555556 0.3715277777777778 0.013020833333333334 0.03993055555555555
2 0.7265625 0.3489583333333333 0.013020833333333334 0.04079861111111111
2 0.2899305555555556 0.4600694444444444 0.012152777777777778 0.05642361111111111
2 0.40625 0.3932291666666667 0.014756944444444444 0.04513888888888889
3 0.4427083333333333 0.4618055555555556 0.013888888888888888 0.059027777777777776
2 0.265625 0.4574652777777778 0.013888888888888888 0.05642361111111111
2 0.2916666666666667 0.6085069444444444 0.014756944444444444 0.07552083333333333
2 0.4236111111111111 0.5772569444444444 0.016493055555555556 0.078125
2 0.3611111111111111 0.5295138888888888 0.011284722222222222 0.06944444444444445
2 0.2361111111111111 0.5546875 0.019097222222222224 0.06944444444444445
2 0.0642361111111111 0.5954861111111112 0.033854166666666664 0.06076388888888889
2 0.6414930555555556 0.6571180555555556 0.019965277777777776 0.0876736111111111
2 0.6493055555555556 0.5451388888888888 0.017361111111111112 0.06684027777777778
2 0.9131944444444444 0.6371527777777778 0.016493055555555556 0.08072916666666667
2 0.5425347222222222 0.6501736111111112 0.020833333333333332 0.08072916666666667
2 0.5286458333333334 0.4782986111111111 0.016493055555555556 0.058159722222222224
2 0.7881944444444444 0.6484375 0.0234375 0.0859375
2 0.3177083333333333 0.6206597222222222 0.019097222222222224 0.08246527777777778
2 0.8585069444444444 0.4913194444444444 0.016493055555555556 0.0642361111111111
3 0.5173611111111112 0.2795138888888889 0.008680555555555556 0.035590277777777776