2 0.6284722222222222 0.2786458333333333 0.006944444444444444 0.026909722222222224
2 0.9053819444444444 0.4635416666666667 0.010416666666666666 0.046875
2 0.5190972222222222 0.3020833333333333 0.009548611111111112 0.03211805555555555
2 0.4001736111111111 0.4991319444444444 0.012152777777777778 0.049479166666666664
1 0.2482638888888889 0.3671875 0.011284722222222222 0.043402777777777776
2 0.640625 0.3611111111111111 0.013888888888888888 0.0390625
2 0.8758680555555556 0.3168402777777778 0.006944444444444444 0.028645833333333332
2 0.3090277777777778 0.4982638888888889 0.019965277777777776 0.050347222222222224
2 0.4678819444444444 0.3541666666666667 0.010416666666666666 0.03819444444444445
2 0.2743055555555556 0.5425347222222222 0.017361111111111112 0.052083333333333336
2 0.4097222222222222 0.6553819444444444 0.0234375 0.06336805555555555
2 0.4210069444444444 0.3741319444444444 0.013888888888888888 0.04079861111111111
2 0.4340277777777778 0.5355902777777778 0.019097222222222224 0.05642361111111111
2 0.6050347222222222 0.359375 0.013020833333333334 0.04079861111111111
2 0.2604166666666667 0.6510416666666666 0.015625 0.06510416666666667
2 0.2378472222222222 0.7256944444444444 0.021701388888888888 0.06336805555555555
2 0.7899305555555556 0.6119791666666666 0.012152777777777778 0.057291666666666664
2 0.3559027777777778 0.4826388888888889 0.019097222222222224 0.05295138888888889
2 0.7274305555555556 0.5182291666666666 0.011284722222222222 0.052083333333333336
3 0.4730902777777778 0.4800347222222222 0.015625 0.050347222222222224
2 0.4305555555555556 0.6293402777777778 0.024305555555555556 0.05555555555555555
2 0.3090277777777778 0.4826388888888889 0.010416666666666666 0.04600694444444445
0 0.4071180555555556 0.6753472222222222 0.006944444444444444 0.014756944444444444
3 0.5546875 0.24131944444444445 0.006944444444444444 0.026909722222222224