2 0.4192708333333333 0.23697916666666666 0.006076388888888889 0.03125
2 0.3263888888888889 0.3637152777777778 0.010416666666666666 0.04600694444444445
2 0.6397569444444444 0.2803819444444444 0.006944444444444444 0.03125
2 0.3767361111111111 0.2855902777777778 0.009548611111111112 0.033854166666666664
3 0.9279513888888888 0.9626736111111112 0.019965277777777776 0.07465277777777778
2 0.5034722222222222 0.4826388888888889 0.010416666666666666 0.05642361111111111
2 0.3680555555555556 0.4001736111111111 0.012152777777777778 0.041666666666666664
2 0.5095486111111112 0.3376736111111111 0.011284722222222222 0.036458333333333336
2 0.3211805555555556 0.3984375 0.010416666666666666 0.050347222222222224
2 0.3315972222222222 0.3923611111111111 0.012152777777777778 0.046875
1 0.10243055555555555 0.3845486111111111 0.016493055555555556 0.046875
2 0.4652777777777778 0.3767361111111111 0.013020833333333334 0.04774305555555555
2 0.4296875 0.4149305555555556 0.011284722222222222 0.04774305555555555
2 0.6736111111111112 0.4262152777777778 0.010416666666666666 0.042534722222222224
3 0.3663194444444444 0.4661458333333333 0.008680555555555556 0.0546875
2 0.4305555555555556 0.4826388888888889 0.008680555555555556 0.04774305555555555
2 0.7265625 0.4539930555555556 0.017361111111111112 0.050347222222222224
2 0.2769097222222222 0.4539930555555556 0.013888888888888888 0.050347222222222224
2 0.2795138888888889 0.6345486111111112 0.016493055555555556 0.06076388888888889
2 0.6579861111111112 0.5546875 0.015625 0.06163194444444445
2 0.7560763888888888 0.59375 0.015625 0.06770833333333333
2 0.3524305555555556 0.8506944444444444 0.021701388888888888 0.07465277777777778
0 0.7118055555555556 0.4704861111111111 0.006076388888888889 0.011284722222222222
2 0.5 0.4496527777777778 0.013020833333333334 0.04513888888888889
3 0.4097222222222222 0.22916666666666666 0.008680555555555556 0.028645833333333332