2 0.6024305555555556 0.359375 0.006944444444444444 0.036458333333333336
2 0.5277777777777778 0.328125 0.006944444444444444 0.03125
2 0.3967013888888889 0.3385416666666667 0.006944444444444444 0.025173611111111112
2 0.6319444444444444 0.3914930555555556 0.010416666666666666 0.0390625
1 0.8107638888888888 0.3758680555555556 0.006944444444444444 0.03732638888888889
2 0.4817708333333333 0.3315972222222222 0.0078125 0.029513888888888888
2 0.5486111111111112 0.3385416666666667 0.006944444444444444 0.03211805555555555
2 0.5842013888888888 0.3637152777777778 0.006944444444444444 0.03211805555555555
2 0.421875 0.4053819444444444 0.008680555555555556 0.036458333333333336
2 0.5407986111111112 0.4019097222222222 0.009548611111111112 0.041666666666666664
3 0.5026041666666666 0.3602430555555556 0.0078125 0.03298611111111111
2 0.3871527777777778 0.3376736111111111 0.006944444444444444 0.030381944444444444
2 0.18055555555555555 0.421875 0.0078125 0.036458333333333336
2 0.5329861111111112 0.4296875 0.010416666666666666 0.03993055555555555
2 0.6440972222222222 0.4053819444444444 0.009548611111111112 0.03993055555555555
2 0.6267361111111112 0.4782986111111111 0.011284722222222222 0.042534722222222224
2 0.6779513888888888 0.4444444444444444 0.008680555555555556 0.04600694444444445
2 0.2864583333333333 0.453125 0.008680555555555556 0.044270833333333336
2 0.703125 0.4409722222222222 0.012152777777777778 0.04079861111111111
2 0.5980902777777778 0.6154513888888888 0.009548611111111112 0.05381944444444445
2 0.171875 0.4696180555555556 0.011284722222222222 0.04513888888888889
2 0.1423611111111111 0.5104166666666666 0.012152777777777778 0.043402777777777776
3 0.18836805555555555 0.3394097222222222 0.0078125 0.029513888888888888