2 0.5859375 0.2925347222222222 0.009548611111111112 0.03125
2 0.4973958333333333 0.3168402777777778 0.008680555555555556 0.03298611111111111
2 0.4401041666666667 0.3506944444444444 0.011284722222222222 0.03993055555555555
2 0.3098958333333333 0.3923611111111111 0.011284722222222222 0.04774305555555555
2 0.4878472222222222 0.2855902777777778 0.0078125 0.03211805555555555
2 0.3723958333333333 0.3272569444444444 0.008680555555555556 0.029513888888888888
2 0.5269097222222222 0.3255208333333333 0.010416666666666666 0.03993055555555555
2 0.3611111111111111 0.3576388888888889 0.012152777777777778 0.03732638888888889
2 0.7925347222222222 0.3203125 0.0078125 0.035590277777777776
1 0.14322916666666666 0.3793402777777778 0.011284722222222222 0.042534722222222224
2 0.2760416666666667 0.4114583333333333 0.010416666666666666 0.04079861111111111
2 0.2942708333333333 0.3741319444444444 0.009548611111111112 0.042534722222222224
2 0.6545138888888888 0.3559027777777778 0.008680555555555556 0.03732638888888889
2 0.7578125 0.4340277777777778 0.009548611111111112 0.050347222222222224
3 0.4947916666666667 0.4114583333333333 0.008680555555555556 0.04513888888888889
2 0.375 0.5017361111111112 0.009548611111111112 0.052083333333333336
2 0.7204861111111112 0.4982638888888889 0.011284722222222222 0.05295138888888889
2 0.8741319444444444 0.4036458333333333 0.013888888888888888 0.04774305555555555
2 0.4652777777777778 0.4114583333333333 0.009548611111111112 0.046875
2 0.5902777777777778 0.5303819444444444 0.019097222222222224 0.051215277777777776
0 0.6388888888888888 0.3038194444444444 0.005208333333333333 0.009548611111111112
2 0.6015625 0.2829861111111111 0.012152777777777778 0.034722222222222224
2 0.5138888888888888 0.2717013888888889 0.008680555555555556 0.03211805555555555
3 0.4114583333333333 0.2630208333333333 0.008680555555555556 0.028645833333333332