2 0.4861111111111111 0.21961805555555555 0.006944444444444444 0.03211805555555555
2 0.3914930555555556 0.3315972222222222 0.006076388888888889 0.0390625
2 0.6961805555555556 0.28125 0.008680555555555556 0.033854166666666664
0 0.6710069444444444 0.5850694444444444 0.006944444444444444 0.011284722222222222
2 0.4348958333333333 0.2682291666666667 0.009548611111111112 0.03298611111111111
1 0.17447916666666666 0.34375 0.009548611111111112 0.04513888888888889
2 0.3784722222222222 0.3446180555555556 0.008680555555555556 0.041666666666666664
2 0.53125 0.3689236111111111 0.0078125 0.046875
2 0.8411458333333334 0.4322916666666667 0.012152777777777778 0.052083333333333336
2 0.390625 0.3758680555555556 0.012152777777777778 0.04513888888888889
2 0.46875 0.3689236111111111 0.008680555555555556 0.03993055555555555
2 0.5208333333333334 0.3532986111111111 0.009548611111111112 0.04774305555555555
2 0.3767361111111111 0.4487847222222222 0.012152777777777778 0.049479166666666664
2 0.3298611111111111 0.4453125 0.009548611111111112 0.051215277777777776
2 0.5928819444444444 0.4782986111111111 0.015625 0.058159722222222224
2 0.6597222222222222 0.4036458333333333 0.012152777777777778 0.050347222222222224
3 0.9192708333333334 0.9748263888888888 0.016493055555555556 0.049479166666666664
3 0.4114583333333333 0.4470486111111111 0.011284722222222222 0.050347222222222224
2 0.5729166666666666 0.5755208333333334 0.016493055555555556 0.05555555555555555
2 0.2569444444444444 0.6345486111111112 0.015625 0.06684027777777778
2 0.7170138888888888 0.6536458333333334 0.016493055555555556 0.07118055555555555
2 0.3376736111111111 0.8237847222222222 0.021701388888888888 0.07378472222222222
2 0.6388888888888888 0.5017361111111112 0.024305555555555556 0.05295138888888889
2 0.3663194444444444 0.5164930555555556 0.011284722222222222 0.0546875