3 0.3515625 0.24131944444444445 0.006944444444444444 0.025173611111111112
1 0.9861111111111112 0.3628472222222222 0.012152777777777778 0.0390625
2 0.6519097222222222 0.2604166666666667 0.006076388888888889 0.0234375
2 0.3324652777777778 0.2907986111111111 0.009548611111111112 0.03125
3 0.4097222222222222 0.4262152777777778 0.013888888888888888 0.041666666666666664
2 0.2951388888888889 0.4418402777777778 0.015625 0.0390625
2 0.4105902777777778 0.4661458333333333 0.014756944444444444 0.050347222222222224
2 0.4557291666666667 0.3289930555555556 0.012152777777777778 0.036458333333333336
2 0.5286458333333334 0.4453125 0.008680555555555556 0.044270833333333336
2 0.4722222222222222 0.3211805555555556 0.008680555555555556 0.036458333333333336
2 0.2786458333333333 0.3654513888888889 0.013020833333333334 0.03993055555555555
1 0.03125 0.4166666666666667 0.018229166666666668 0.044270833333333336
2 0.3038194444444444 0.3585069444444444 0.010416666666666666 0.036458333333333336
2 0.5390625 0.3932291666666667 0.011284722222222222 0.03819444444444445
2 0.2378472222222222 0.4357638888888889 0.015625 0.044270833333333336
2 0.7352430555555556 0.3585069444444444 0.008680555555555556 0.03732638888888889
2 0.21614583333333334 0.5590277777777778 0.021701388888888888 0.04774305555555555
2 0.21614583333333334 0.5 0.019965277777777776 0.050347222222222224
2 0.5199652777777778 0.5260416666666666 0.011284722222222222 0.05295138888888889
2 0.2899305555555556 0.8559027777777778 0.021701388888888888 0.0685763888888889
3 0.96875 0.8967013888888888 0.022569444444444444 0.08159722222222222
2 0.2890625 0.6762152777777778 0.019965277777777776 0.06336805555555555
2 0.5737847222222222 0.625 0.026041666666666668 0.06336805555555555
2 0.2013888888888889 0.578125 0.025173611111111112 0.04774305555555555
2 0.4131944444444444 0.2543402777777778 0.0078125 0.035590277777777776
0 0.5633680555555556 0.6501736111111112 0.006944444444444444 0.013020833333333334