2 0.3098958333333333 0.3949652777777778 0.009548611111111112 0.036458333333333336
2 0.5399305555555556 0.2907986111111111 0.0078125 0.029513888888888888
2 0.3159722222222222 0.4010416666666667 0.006076388888888889 0.041666666666666664
2 0.3342013888888889 0.3524305555555556 0.009548611111111112 0.03211805555555555
2 0.4461805555555556 0.3090277777777778 0.006944444444444444 0.027777777777777776
2 0.5434027777777778 0.328125 0.006076388888888889 0.028645833333333332
2 0.6579861111111112 0.3550347222222222 0.008680555555555556 0.027777777777777776
2 0.7074652777777778 0.3255208333333333 0.009548611111111112 0.033854166666666664
2 0.4904513888888889 0.34375 0.006076388888888889 0.036458333333333336
1 0.109375 0.4071180555555556 0.013888888888888888 0.043402777777777776
2 0.4609375 0.2942708333333333 0.006076388888888889 0.03125
2 0.2751736111111111 0.4157986111111111 0.008680555555555556 0.0390625
2 0.5347222222222222 0.3463541666666667 0.008680555555555556 0.03732638888888889
2 0.4444444444444444 0.3880208333333333 0.009548611111111112 0.0390625
2 0.2560763888888889 0.4461805555555556 0.006944444444444444 0.03993055555555555
2 0.6753472222222222 0.5824652777777778 0.012152777777777778 0.058159722222222224
3 0.3923611111111111 0.4444444444444444 0.0078125 0.04600694444444445
2 0.6770833333333334 0.4505208333333333 0.013888888888888888 0.044270833333333336
2 0.8550347222222222 0.3984375 0.008680555555555556 0.044270833333333336
2 0.4236111111111111 0.4383680555555556 0.009548611111111112 0.044270833333333336
2 0.3246527777777778 0.5477430555555556 0.008680555555555556 0.050347222222222224
2 0.3741319444444444 0.6267361111111112 0.014756944444444444 0.059895833333333336
3 0.3932291666666667 0.2829861111111111 0.006076388888888889 0.027777777777777776
0 0.7699652777777778 0.3784722222222222 0.005208333333333333 0.009548611111111112