2 0.3194444444444444 0.4331597222222222 0.009548611111111112 0.04079861111111111
2 0.4522569444444444 0.3255208333333333 0.006076388888888889 0.029513888888888888
3 0.9227430555555556 0.9322916666666666 0.020833333333333332 0.0763888888888889
2 0.2907986111111111 0.6788194444444444 0.016493055555555556 0.059027777777777776
2 0.2777777777777778 0.6805555555555556 0.029513888888888888 0.05381944444444445
1 0.23177083333333334 0.3541666666666667 0.013888888888888888 0.033854166666666664
2 0.3315972222222222 0.4071180555555556 0.0078125 0.0390625
2 0.2526041666666667 0.5164930555555556 0.012152777777777778 0.044270833333333336
2 0.3524305555555556 0.4479166666666667 0.011284722222222222 0.04513888888888889
2 0.5911458333333334 0.2960069444444444 0.009548611111111112 0.03211805555555555
2 0.4548611111111111 0.4071180555555556 0.013888888888888888 0.043402777777777776
2 0.3637152777777778 0.3836805555555556 0.012152777777777778 0.041666666666666664
2 0.7517361111111112 0.3663194444444444 0.006944444444444444 0.03732638888888889
2 0.4644097222222222 0.3307291666666667 0.008680555555555556 0.033854166666666664
2 0.5746527777777778 0.4539930555555556 0.010416666666666666 0.04079861111111111
3 0.4357638888888889 0.4713541666666667 0.010416666666666666 0.04600694444444445
2 0.1762152777777778 0.6241319444444444 0.0234375 0.049479166666666664
2 0.4079861111111111 0.5842013888888888 0.014756944444444444 0.059895833333333336
2 0.7604166666666666 0.5295138888888888 0.010416666666666666 0.046875
2 0.3411458333333333 0.5364583333333334 0.011284722222222222 0.05642361111111111
2 0.5894097222222222 0.4470486111111111 0.009548611111111112 0.04774305555555555
2 0.15364583333333334 0.6831597222222222 0.024305555555555556 0.05295138888888889
2 0.8836805555555556 0.5963541666666666 0.013020833333333334 0.059027777777777776
3 0.4939236111111111 0.2404513888888889 0.0078125 0.03125