2 0.20225694444444445 0.6059027777777778 0.012152777777777778 0.04600694444444445
2 0.3151041666666667 0.4635416666666667 0.014756944444444444 0.042534722222222224
2 0.3368055555555556 0.4123263888888889 0.008680555555555556 0.03993055555555555
2 0.2907986111111111 0.4739583333333333 0.009548611111111112 0.044270833333333336
2 0.4444444444444444 0.4453125 0.008680555555555556 0.042534722222222224
0 0.4175347222222222 0.6753472222222222 0.006076388888888889 0.012152777777777778
2 0.7751736111111112 0.4557291666666667 0.012152777777777778 0.057291666666666664
2 0.4887152777777778 0.4166666666666667 0.011284722222222222 0.044270833333333336
2 0.19791666666666666 0.6440972222222222 0.017361111111111112 0.058159722222222224
2 0.21180555555555555 0.5052083333333334 0.013888888888888888 0.04600694444444445
2 0.6901041666666666 0.5868055555555556 0.009548611111111112 0.057291666666666664
2 0.5711805555555556 0.4973958333333333 0.013888888888888888 0.05381944444444445
3 0.796875 0.9227430555555556 0.027777777777777776 0.0763888888888889
3 0.4157986111111111 0.4947916666666667 0.010416666666666666 0.049479166666666664
2 0.21961805555555555 0.6519097222222222 0.016493055555555556 0.059895833333333336
2 0.7795138888888888 0.7178819444444444 0.019097222222222224 0.06597222222222222
2 0.3732638888888889 0.6223958333333334 0.017361111111111112 0.05295138888888889
2 0.6041666666666666 0.3402777777777778 0.009548611111111112 0.03819444444444445
2 0.3923611111111111 0.6475694444444444 0.024305555555555556 0.06076388888888889
2 0.19010416666666666 0.5972222222222222 0.013888888888888888 0.046875
1 0.2508680555555556 0.3489583333333333 0.013020833333333334 0.036458333333333336
2 0.4470486111111111 0.3454861111111111 0.009548611111111112 0.035590277777777776
2 0.3394097222222222 0.4010416666666667 0.011284722222222222 0.035590277777777776
3 0.4904513888888889 0.24739583333333334 0.008680555555555556 0.025173611111111112