3 0.5399305555555556 0.24739583333333334 0.008680555555555556 0.025173611111111112
2 0.8385416666666666 0.3428819444444444 0.006944444444444444 0.03298611111111111
0 0.5963541666666666 0.7109375 0.008680555555555556 0.011284722222222222
1 0.2638888888888889 0.3559027777777778 0.006944444444444444 0.036458333333333336
2 0.5737847222222222 0.2925347222222222 0.006944444444444444 0.035590277777777776
3 0.9027777777777778 0.9852430555555556 0.013888888888888888 0.027777777777777776
2 0.4904513888888889 0.3090277777777778 0.009548611111111112 0.03298611111111111
2 0.5078125 0.6397569444444444 0.016493055555555556 0.0642361111111111
2 0.4088541666666667 0.3776041666666667 0.012152777777777778 0.0390625
2 0.5017361111111112 0.6605902777777778 0.017361111111111112 0.06076388888888889
2 0.3671875 0.4322916666666667 0.012152777777777778 0.04079861111111111
3 0.4123263888888889 0.5190972222222222 0.011284722222222222 0.052083333333333336
2 0.4019097222222222 0.4852430555555556 0.013888888888888888 0.05295138888888889
2 0.8220486111111112 0.7708333333333334 0.012152777777777778 0.06944444444444445
2 0.4418402777777778 0.3697916666666667 0.006944444444444444 0.04079861111111111
2 0.6006944444444444 0.4079861111111111 0.009548611111111112 0.044270833333333336
2 0.2387152777777778 0.71875 0.013888888888888888 0.06336805555555555
2 0.5772569444444444 0.3984375 0.013888888888888888 0.04079861111111111
2 0.8168402777777778 0.4722222222222222 0.013888888888888888 0.050347222222222224
2 0.3107638888888889 0.4756944444444444 0.013888888888888888 0.04513888888888889
2 0.6692708333333334 0.546875 0.019097222222222224 0.04774305555555555
2 0.3229166666666667 0.5477430555555556 0.018229166666666668 0.05381944444444445
2 0.2534722222222222 0.6579861111111112 0.016493055555555556 0.0642361111111111
2 0.3767361111111111 0.6241319444444444 0.017361111111111112 0.06163194444444445
2 0.4097222222222222 0.5017361111111112 0.012152777777777778 0.052083333333333336