2 0.5121527777777778 0.2803819444444444 0.009548611111111112 0.035590277777777776
2 0.6206597222222222 0.3133680555555556 0.015625 0.03211805555555555
2 0.5763888888888888 0.2907986111111111 0.006944444444444444 0.026041666666666668
2 0.5017361111111112 0.2934027777777778 0.006944444444444444 0.036458333333333336
2 0.4626736111111111 0.2960069444444444 0.006944444444444444 0.030381944444444444
2 0.6892361111111112 0.4418402777777778 0.009548611111111112 0.046875
2 0.4861111111111111 0.4270833333333333 0.009548611111111112 0.046875
2 0.4800347222222222 0.3107638888888889 0.006944444444444444 0.035590277777777776
3 0.4835069444444444 0.3836805555555556 0.008680555555555556 0.04079861111111111
2 0.7786458333333334 0.3203125 0.012152777777777778 0.03732638888888889
2 0.4227430555555556 0.3463541666666667 0.012152777777777778 0.033854166666666664
2 0.7743055555555556 0.375 0.009548611111111112 0.04600694444444445
2 0.3741319444444444 0.3185763888888889 0.006944444444444444 0.035590277777777776
2 0.22135416666666666 0.4574652777777778 0.008680555555555556 0.044270833333333336
2 0.4027777777777778 0.3585069444444444 0.019097222222222224 0.041666666666666664
2 0.3003472222222222 0.375 0.006944444444444444 0.044270833333333336
2 0.6128472222222222 0.3524305555555556 0.008680555555555556 0.036458333333333336
2 0.7013888888888888 0.5217013888888888 0.009548611111111112 0.051215277777777776
2 0.7326388888888888 0.4470486111111111 0.009548611111111112 0.04774305555555555
2 0.3315972222222222 0.4079861111111111 0.013020833333333334 0.04513888888888889
1 0.09461805555555555 0.3854166666666667 0.011284722222222222 0.04600694444444445
2 0.3784722222222222 0.5303819444444444 0.013020833333333334 0.05642361111111111
0 0.5703125 0.3003472222222222 0.003472222222222222 0.0078125
3 0.390625 0.2682291666666667 0.0078125 0.03125