2 0.3263888888888889 0.2881944444444444 0.0078125 0.03211805555555555
2 0.6380208333333334 0.3637152777777778 0.008680555555555556 0.04513888888888889
2 0.421875 0.2786458333333333 0.010416666666666666 0.030381944444444444
2 0.3845486111111111 0.2899305555555556 0.006944444444444444 0.03125
3 0.1076388888888889 0.3168402777777778 0.009548611111111112 0.03298611111111111
2 0.5460069444444444 0.2760416666666667 0.009548611111111112 0.028645833333333332
2 0.5086805555555556 0.2751736111111111 0.009548611111111112 0.03125
2 0.5564236111111112 0.3220486111111111 0.009548611111111112 0.035590277777777776
2 0.6388888888888888 0.3888888888888889 0.008680555555555556 0.04774305555555555
2 0.5928819444444444 0.3203125 0.008680555555555556 0.03993055555555555
1 0.8263888888888888 0.3515625 0.009548611111111112 0.044270833333333336
2 0.08680555555555555 0.4592013888888889 0.0078125 0.05295138888888889
2 0.1284722222222222 0.3784722222222222 0.011284722222222222 0.03993055555555555
2 0.3029513888888889 0.3628472222222222 0.012152777777777778 0.042534722222222224
2 0.5460069444444444 0.3715277777777778 0.009548611111111112 0.04513888888888889
3 0.4869791666666667 0.3194444444444444 0.008680555555555556 0.03732638888888889
2 0.6822916666666666 0.4244791666666667 0.011284722222222222 0.051215277777777776
2 0.08680555555555555 0.53125 0.017361111111111112 0.05381944444444445
2 0.4626736111111111 0.4079861111111111 0.011284722222222222 0.04774305555555555
2 0.6171875 0.4583333333333333 0.011284722222222222 0.050347222222222224
2 0.7005208333333334 0.4201388888888889 0.012152777777777778 0.049479166666666664
2 0.2230902777777778 0.4357638888888889 0.011284722222222222 0.049479166666666664
2 0.6284722222222222 0.6223958333333334 0.013888888888888888 0.06510416666666667
0 0.5052083333333334 0.2803819444444444 0.003472222222222222 0.006076388888888889