2 0.4782986111111111 0.20399305555555555 0.006076388888888889 0.029513888888888888
2 0.4227430555555556 0.3706597222222222 0.020833333333333332 0.04861111111111111
2 0.4288194444444444 0.390625 0.021701388888888888 0.03993055555555555
2 0.2986111111111111 0.4088541666666667 0.019097222222222224 0.049479166666666664
2 0.4357638888888889 0.3689236111111111 0.009548611111111112 0.05295138888888889
2 0.7309027777777778 0.2699652777777778 0.008680555555555556 0.03819444444444445
2 0.4184027777777778 0.3159722222222222 0.013888888888888888 0.034722222222222224
2 0.3958333333333333 0.2717013888888889 0.015625 0.03298611111111111
2 0.3836805555555556 0.4097222222222222 0.021701388888888888 0.041666666666666664
2 0.3116319444444444 0.4105902777777778 0.014756944444444444 0.050347222222222224
2 0.7074652777777778 0.3715277777777778 0.011284722222222222 0.0546875
2 0.6927083333333334 0.3845486111111111 0.016493055555555556 0.051215277777777776
2 0.5581597222222222 0.4600694444444444 0.010416666666666666 0.058159722222222224
2 0.4722222222222222 0.4453125 0.013888888888888888 0.0546875
1 0.10069444444444445 0.3394097222222222 0.015625 0.046875
2 0.2821180555555556 0.7847222222222222 0.026909722222222224 0.07118055555555555
3 0.4210069444444444 0.4496527777777778 0.017361111111111112 0.05555555555555555
2 0.8428819444444444 0.5798611111111112 0.015625 0.07378472222222222
2 0.4904513888888889 0.4045138888888889 0.021701388888888888 0.05295138888888889
2 0.7552083333333334 0.5173611111111112 0.014756944444444444 0.06597222222222222
2 0.2621527777777778 0.5807291666666666 0.025173611111111112 0.06684027777777778
0 0.3949652777777778 0.3819444444444444 0.006076388888888889 0.012152777777777778
2 0.2960069444444444 0.3689236111111111 0.013020833333333334 0.04774305555555555
3 0.4496527777777778 0.1909722222222222 0.006076388888888889 0.028645833333333332