0 0.7986111111111112 0.5112847222222222 0.005208333333333333 0.011284722222222222
2 0.5555555555555556 0.3845486111111111 0.008680555555555556 0.042534722222222224
2 0.5138888888888888 0.2821180555555556 0.006076388888888889 0.027777777777777776
2 0.7170138888888888 0.3211805555555556 0.0078125 0.03211805555555555
2 0.4600694444444444 0.3064236111111111 0.010416666666666666 0.03211805555555555
2 0.4131944444444444 0.3776041666666667 0.0078125 0.042534722222222224
1 0.2248263888888889 0.3689236111111111 0.008680555555555556 0.042534722222222224
2 0.3958333333333333 0.390625 0.009548611111111112 0.04079861111111111
2 0.8255208333333334 0.4227430555555556 0.011284722222222222 0.0390625
2 0.3862847222222222 0.4427083333333333 0.011284722222222222 0.04774305555555555
2 0.3446180555555556 0.4756944444444444 0.011284722222222222 0.05295138888888889
2 0.3559027777777778 0.4288194444444444 0.006944444444444444 0.043402777777777776
2 0.5477430555555556 0.4045138888888889 0.009548611111111112 0.042534722222222224
2 0.4357638888888889 0.4635416666666667 0.008680555555555556 0.043402777777777776
2 0.1892361111111111 0.7482638888888888 0.014756944444444444 0.06336805555555555
2 0.6918402777777778 0.4756944444444444 0.011284722222222222 0.043402777777777776
2 0.3159722222222222 0.5512152777777778 0.013888888888888888 0.058159722222222224
2 0.59375 0.6779513888888888 0.014756944444444444 0.07118055555555555
3 0.3932291666666667 0.5173611111111112 0.012152777777777778 0.05555555555555555
2 0.3932291666666667 0.6388888888888888 0.013888888888888888 0.06336805555555555
2 0.5164930555555556 0.5086805555555556 0.010416666666666666 0.057291666666666664
2 0.734375 0.6145833333333334 0.014756944444444444 0.059895833333333336
2 0.8897569444444444 0.9739583333333334 0.021701388888888888 0.050347222222222224
2 0.3107638888888889 0.6223958333333334 0.017361111111111112 0.06510416666666667
3 0.5078125 0.2508680555555556 0.009548611111111112 0.035590277777777776