3 0.4661458333333333 0.203125 0.008680555555555556 0.03211805555555555
2 0.6762152777777778 0.2708333333333333 0.006944444444444444 0.03211805555555555
0 0.8923611111111112 0.5130208333333334 0.006076388888888889 0.010416666666666666
2 0.4227430555555556 0.2690972222222222 0.011284722222222222 0.03732638888888889
2 0.3706597222222222 0.3463541666666667 0.009548611111111112 0.044270833333333336
2 0.5078125 0.3541666666666667 0.011284722222222222 0.043402777777777776
2 0.5208333333333334 0.3810763888888889 0.009548611111111112 0.052083333333333336
2 0.3949652777777778 0.3298611111111111 0.006944444444444444 0.04079861111111111
1 0.1371527777777778 0.3550347222222222 0.012152777777777778 0.050347222222222224
2 0.4375 0.5008680555555556 0.013888888888888888 0.058159722222222224
2 0.5564236111111112 0.4678819444444444 0.011284722222222222 0.06336805555555555
2 0.7204861111111112 0.4157986111111111 0.011284722222222222 0.050347222222222224
2 0.4079861111111111 0.3880208333333333 0.013020833333333334 0.04600694444444445
3 0.3854166666666667 0.4748263888888889 0.016493055555555556 0.05381944444444445
2 0.3776041666666667 0.3862847222222222 0.012152777777777778 0.051215277777777776
2 0.7118055555555556 0.6102430555555556 0.012152777777777778 0.06770833333333333
2 0.4097222222222222 0.8559027777777778 0.017361111111111112 0.07725694444444445
2 0.2951388888888889 0.4765625 0.013020833333333334 0.059027777777777776
2 0.5225694444444444 0.5034722222222222 0.013888888888888888 0.059027777777777776
2 0.2890625 0.6796875 0.022569444444444444 0.0798611111111111
2 0.3723958333333333 0.5164930555555556 0.019097222222222224 0.06076388888888889
2 0.9201388888888888 0.46875 0.022569444444444444 0.05555555555555555
2 0.7751736111111112 0.6206597222222222 0.016493055555555556 0.0720486111111111
2 0.453125 0.21354166666666666 0.008680555555555556 0.03211805555555555