2 0.5008680555555556 0.2725694444444444 0.006076388888888889 0.028645833333333332
2 0.4175347222222222 0.3645833333333333 0.006944444444444444 0.03732638888888889
2 0.7005208333333334 0.3133680555555556 0.006944444444444444 0.027777777777777776
2 0.5520833333333334 0.3723958333333333 0.008680555555555556 0.0390625
2 0.4652777777777778 0.2960069444444444 0.0078125 0.03125
2 0.5729166666666666 0.3628472222222222 0.008680555555555556 0.033854166666666664
2 0.4053819444444444 0.3923611111111111 0.008680555555555556 0.04513888888888889
1 0.2387152777777778 0.3723958333333333 0.012152777777777778 0.041666666666666664
2 0.7092013888888888 0.4157986111111111 0.0078125 0.03993055555555555
2 0.3967013888888889 0.4010416666666667 0.008680555555555556 0.043402777777777776
2 0.3723958333333333 0.4227430555555556 0.008680555555555556 0.043402777777777776
2 0.4696180555555556 0.4105902777777778 0.0078125 0.0390625
2 0.5373263888888888 0.4279513888888889 0.012152777777777778 0.03993055555555555
2 0.3585069444444444 0.4340277777777778 0.009548611111111112 0.044270833333333336
3 0.3984375 0.4800347222222222 0.009548611111111112 0.046875
2 0.7291666666666666 0.5130208333333334 0.014756944444444444 0.0390625
2 0.3784722222222222 0.5364583333333334 0.009548611111111112 0.05295138888888889
2 0.20833333333333334 0.7526041666666666 0.014756944444444444 0.06163194444444445
2 0.7925347222222222 0.4279513888888889 0.014756944444444444 0.04513888888888889
2 0.3072916666666667 0.5338541666666666 0.013020833333333334 0.050347222222222224
3 0.8793402777777778 0.9739583333333334 0.019097222222222224 0.052083333333333336
2 0.4887152777777778 0.5980902777777778 0.015625 0.057291666666666664
2 0.6944444444444444 0.6579861111111112 0.014756944444444444 0.06770833333333333
3 0.4973958333333333 0.2534722222222222 0.006944444444444444 0.026909722222222224
0 0.7413194444444444 0.4861111111111111 0.005208333333333333 0.009548611111111112