2 0.1753472222222222 0.6284722222222222 0.018229166666666668 0.04774305555555555
2 0.18663194444444445 0.5173611111111112 0.009548611111111112 0.04600694444444445
2 0.4704861111111111 0.3411458333333333 0.006944444444444444 0.030381944444444444
2 0.3454861111111111 0.4001736111111111 0.0078125 0.04079861111111111
2 0.4444444444444444 0.4279513888888889 0.008680555555555556 0.043402777777777776
2 0.3055555555555556 0.4418402777777778 0.008680555555555556 0.04600694444444445
2 0.3350694444444444 0.4019097222222222 0.008680555555555556 0.03819444444444445
2 0.6163194444444444 0.4956597222222222 0.009548611111111112 0.046875
2 0.3246527777777778 0.4539930555555556 0.011284722222222222 0.042534722222222224
2 0.6024305555555556 0.3229166666666667 0.008680555555555556 0.035590277777777776
2 0.7951388888888888 0.4262152777777778 0.009548611111111112 0.04513888888888889
2 0.6232638888888888 0.4991319444444444 0.008680555555555556 0.05555555555555555
2 0.4800347222222222 0.3619791666666667 0.008680555555555556 0.03298611111111111
3 0.4444444444444444 0.4826388888888889 0.009548611111111112 0.046875
2 0.3524305555555556 0.6328125 0.013888888888888888 0.057291666666666664
3 0.8532986111111112 0.9522569444444444 0.026041666666666668 0.08159722222222222
2 0.3298611111111111 0.5729166666666666 0.019097222222222224 0.0546875
2 0.7430555555555556 0.5902777777777778 0.015625 0.0546875
2 0.8038194444444444 0.6302083333333334 0.024305555555555556 0.06076388888888889
1 0.2682291666666667 0.3454861111111111 0.009548611111111112 0.0390625
0 0.1640625 0.6267361111111112 0.008680555555555556 0.009548611111111112
2 0.1501736111111111 0.6085069444444444 0.014756944444444444 0.0546875
2 0.1579861111111111 0.6032986111111112 0.016493055555555556 0.0390625
2 0.16927083333333334 0.6076388888888888 0.015625 0.044270833333333336
3 0.515625 0.2456597222222222 0.006076388888888889 0.0234375