2 0.6111111111111112 0.2960069444444444 0.014756944444444444 0.049479166666666664
2 0.6553819444444444 0.2612847222222222 0.011284722222222222 0.044270833333333336
1 0.9626736111111112 0.2803819444444444 0.013888888888888888 0.04774305555555555
2 0.7404513888888888 0.2977430555555556 0.019097222222222224 0.050347222222222224
2 0.7248263888888888 0.2699652777777778 0.010416666666666666 0.050347222222222224
2 0.6493055555555556 0.3046875 0.013888888888888888 0.051215277777777776
2 0.140625 0.375 0.014756944444444444 0.06336805555555555
2 0.5078125 0.24913194444444445 0.022569444444444444 0.043402777777777776
2 0.7526041666666666 0.3046875 0.013020833333333334 0.05295138888888889
2 0.6119791666666666 0.3784722222222222 0.014756944444444444 0.059027777777777776
2 0.7265625 0.4418402777777778 0.021701388888888888 0.0703125
2 0.2690972222222222 0.2638888888888889 0.016493055555555556 0.04600694444444445
2 0.15711805555555555 0.3689236111111111 0.013888888888888888 0.059895833333333336
2 0.4175347222222222 0.3220486111111111 0.016493055555555556 0.059027777777777776
2 0.6875 0.4071180555555556 0.030381944444444444 0.05555555555555555
2 0.19270833333333334 0.3133680555555556 0.013888888888888888 0.05642361111111111
3 0.4470486111111111 0.296875 0.014756944444444444 0.0546875
2 0.6684027777777778 0.4314236111111111 0.025173611111111112 0.07118055555555555
2 0.4774305555555556 0.4947916666666667 0.018229166666666668 0.07465277777777778
2 0.1484375 0.4149305555555556 0.019965277777777776 0.0720486111111111
2 0.5407986111111112 0.3810763888888889 0.017361111111111112 0.06076388888888889
2 0.3333333333333333 0.3142361111111111 0.020833333333333332 0.05295138888888889
0 0.6588541666666666 0.2795138888888889 0.005208333333333333 0.009548611111111112