2 0.4296875 0.21354166666666666 0.013888888888888888 0.0390625
2 0.3177083333333333 0.2786458333333333 0.012152777777777778 0.050347222222222224
2 0.3055555555555556 0.3246527777777778 0.010416666666666666 0.057291666666666664
2 0.1519097222222222 0.3741319444444444 0.019965277777777776 0.06510416666666667
2 0.7213541666666666 0.2786458333333333 0.016493055555555556 0.05295138888888889
2 0.2230902777777778 0.4236111111111111 0.026909722222222224 0.06336805555555555
2 0.515625 0.2829861111111111 0.009548611111111112 0.052083333333333336
2 0.1909722222222222 0.2994791666666667 0.017361111111111112 0.05642361111111111
2 0.4913194444444444 0.3506944444444444 0.013888888888888888 0.06336805555555555
2 0.4809027777777778 0.3541666666666667 0.013888888888888888 0.06163194444444445
2 0.2708333333333333 0.3229166666666667 0.017361111111111112 0.05295138888888889
2 0.15104166666666666 0.4131944444444444 0.016493055555555556 0.07378472222222222
2 0.2578125 0.3967013888888889 0.013888888888888888 0.06770833333333333
2 0.2465277777777778 0.453125 0.022569444444444444 0.06944444444444445
2 0.4479166666666667 0.4609375 0.014756944444444444 0.0720486111111111
2 0.8932291666666666 0.4774305555555556 0.019097222222222224 0.07378472222222222
3 0.3229166666666667 0.3776041666666667 0.013888888888888888 0.06770833333333333
1 0.8967013888888888 0.328125 0.014756944444444444 0.058159722222222224
2 0.5199652777777778 0.7282986111111112 0.016493055555555556 0.1015625
2 0.1371527777777778 0.4357638888888889 0.018229166666666668 0.07291666666666667
2 0.2230902777777778 0.6076388888888888 0.024305555555555556 0.09114583333333333
3 0.1935763888888889 0.2170138888888889 0.010416666666666666 0.043402777777777776
0 0.7048611111111112 0.3003472222222222 0.006076388888888889 0.011284722222222222
2 0.3255208333333333 0.24131944444444445 0.012152777777777778 0.04600694444444445