2 0.1753472222222222 0.3923611111111111 0.009548611111111112 0.04513888888888889
2 0.3081597222222222 0.3107638888888889 0.006944444444444444 0.03211805555555555
2 0.21006944444444445 0.4184027777777778 0.009548611111111112 0.04600694444444445
1 0.8342013888888888 0.3602430555555556 0.015625 0.042534722222222224
2 0.4192708333333333 0.4123263888888889 0.010416666666666666 0.049479166666666664
2 0.3958333333333333 0.3532986111111111 0.006944444444444444 0.03993055555555555
3 0.3602430555555556 0.4079861111111111 0.010416666666666666 0.04774305555555555
2 0.2760416666666667 0.4895833333333333 0.009548611111111112 0.0546875
2 0.234375 0.4756944444444444 0.016493055555555556 0.0546875
2 0.5894097222222222 0.3098958333333333 0.006944444444444444 0.03732638888888889
2 0.08854166666666667 0.4600694444444444 0.013020833333333334 0.052083333333333336
2 0.10590277777777778 0.4765625 0.012152777777777778 0.057291666666666664
2 0.24913194444444445 0.4140625 0.009548611111111112 0.04513888888888889
2 0.4661458333333333 0.4279513888888889 0.013020833333333334 0.04600694444444445
2 0.1310763888888889 0.5842013888888888 0.013888888888888888 0.06510416666666667
2 0.16666666666666666 0.6545138888888888 0.014756944444444444 0.07552083333333333
2 0.08333333333333333 0.5494791666666666 0.014756944444444444 0.0642361111111111
2 0.4322916666666667 0.4991319444444444 0.014756944444444444 0.05642361111111111
2 0.3854166666666667 0.6987847222222222 0.016493055555555556 0.0798611111111111
3 0.0954861111111111 0.3107638888888889 0.011284722222222222 0.03819444444444445
2 0.10590277777777778 0.4027777777777778 0.014756944444444444 0.052083333333333336
2 0.1918402777777778 0.3350694444444444 0.013888888888888888 0.042534722222222224
2 0.9887152777777778 0.4340277777777778 0.013888888888888888 0.0546875
0 0.9557291666666666 0.4470486111111111 0.005208333333333333 0.009548611111111112