2 0.2222222222222222 0.4105902777777778 0.0078125 0.043402777777777776
2 0.19010416666666666 0.3758680555555556 0.012152777777777778 0.042534722222222224
2 0.8828125 0.453125 0.016493055555555556 0.049479166666666664
2 0.1171875 0.4869791666666667 0.015625 0.05381944444444445
2 0.4123263888888889 0.3515625 0.008680555555555556 0.0390625
2 0.2569444444444444 0.3958333333333333 0.006944444444444444 0.043402777777777776
2 0.2282986111111111 0.484375 0.013888888888888888 0.059027777777777776
2 0.4305555555555556 0.4227430555555556 0.010416666666666666 0.052083333333333336
2 0.6041666666666666 0.3107638888888889 0.0078125 0.03993055555555555
1 0.796875 0.3637152777777778 0.009548611111111112 0.043402777777777776
3 0.3255208333333333 0.4227430555555556 0.013020833333333334 0.049479166666666664
2 0.2534722222222222 0.4930555555555556 0.008680555555555556 0.0546875
2 0.4192708333333333 0.4270833333333333 0.0078125 0.049479166666666664
2 0.1267361111111111 0.5399305555555556 0.016493055555555556 0.06944444444444445
2 0.19010416666666666 0.6475694444444444 0.014756944444444444 0.07291666666666667
2 0.4522569444444444 0.6631944444444444 0.013888888888888888 0.07465277777777778
2 0.1736111111111111 0.5651041666666666 0.011284722222222222 0.06597222222222222
2 0.4036458333333333 0.5086805555555556 0.017361111111111112 0.057291666666666664
2 0.1171875 0.4704861111111111 0.014756944444444444 0.05381944444444445
2 0.1284722222222222 0.3940972222222222 0.014756944444444444 0.050347222222222224
2 0.20225694444444445 0.3350694444444444 0.013020833333333334 0.04513888888888889
3 0.1328125 0.3029513888888889 0.011284722222222222 0.04079861111111111
2 0.3255208333333333 0.3003472222222222 0.009548611111111112 0.035590277777777776
0 0.8446180555555556 0.4652777777777778 0.005208333333333333 0.010416666666666666