3 0.2144097222222222 0.2013888888888889 0.008680555555555556 0.041666666666666664
2 0.6128472222222222 0.2326388888888889 0.011284722222222222 0.046875
2 0.3064236111111111 0.2222222222222222 0.014756944444444444 0.03732638888888889
2 0.3845486111111111 0.2621527777777778 0.008680555555555556 0.049479166666666664
2 0.3619791666666667 0.2925347222222222 0.010416666666666666 0.050347222222222224
2 0.1753472222222222 0.2899305555555556 0.011284722222222222 0.05642361111111111
2 0.4921875 0.2690972222222222 0.009548611111111112 0.051215277777777776
2 0.5269097222222222 0.296875 0.013020833333333334 0.05555555555555555
2 0.1623263888888889 0.3463541666666667 0.012152777777777778 0.06163194444444445
2 0.2682291666666667 0.3177083333333333 0.011284722222222222 0.057291666666666664
2 0.5954861111111112 0.2881944444444444 0.012152777777777778 0.051215277777777776
2 0.14322916666666666 0.3810763888888889 0.013888888888888888 0.06770833333333333
2 0.3420138888888889 0.3619791666666667 0.013888888888888888 0.059027777777777776
3 0.2647569444444444 0.3758680555555556 0.013888888888888888 0.06944444444444445
2 0.8125 0.4835069444444444 0.012152777777777778 0.078125
2 0.11371527777777778 0.4244791666666667 0.014756944444444444 0.07552083333333333
2 0.5598958333333334 0.3645833333333333 0.013888888888888888 0.0642361111111111
1 0.9027777777777778 0.3194444444444444 0.013888888888888888 0.057291666666666664
2 0.19618055555555555 0.4366319444444444 0.012152777777777778 0.0685763888888889
2 0.4765625 0.4331597222222222 0.016493055555555556 0.06944444444444445
2 0.3923611111111111 0.7065972222222222 0.018229166666666668 0.0998263888888889
2 0.13368055555555555 0.5425347222222222 0.019965277777777776 0.08333333333333333
0 0.5928819444444444 0.3072916666666667 0.005208333333333333 0.011284722222222222
2 0.3810763888888889 0.20399305555555555 0.009548611111111112 0.043402777777777776