3 0.2048611111111111 0.203125 0.010416666666666666 0.0390625
2 0.3567708333333333 0.22395833333333334 0.009548611111111112 0.042534722222222224
2 0.4305555555555556 0.2795138888888889 0.010416666666666666 0.050347222222222224
2 0.21006944444444445 0.2951388888888889 0.012152777777777778 0.057291666666666664
2 0.16666666666666666 0.3428819444444444 0.015625 0.059895833333333336
2 0.5234375 0.2647569444444444 0.011284722222222222 0.050347222222222224
2 0.4340277777777778 0.3289930555555556 0.013888888888888888 0.057291666666666664
2 0.4696180555555556 0.3289930555555556 0.011284722222222222 0.059027777777777776
2 0.2760416666666667 0.3663194444444444 0.013020833333333334 0.06163194444444445
2 0.2682291666666667 0.3142361111111111 0.013020833333333334 0.052083333333333336
2 0.1736111111111111 0.3793402777777778 0.014756944444444444 0.06770833333333333
2 0.12413194444444445 0.4340277777777778 0.013888888888888888 0.07378472222222222
2 0.4730902777777778 0.3845486111111111 0.019965277777777776 0.06336805555555555
1 0.8845486111111112 0.3151041666666667 0.013888888888888888 0.057291666666666664
2 0.6545138888888888 0.2612847222222222 0.011284722222222222 0.05295138888888889
3 0.3194444444444444 0.3480902777777778 0.012152777777777778 0.06336805555555555
2 0.4565972222222222 0.4409722222222222 0.015625 0.07118055555555555
2 0.18055555555555555 0.4644097222222222 0.019965277777777776 0.0720486111111111
2 0.13020833333333334 0.5529513888888888 0.015625 0.08072916666666667
2 0.8663194444444444 0.4592013888888889 0.016493055555555556 0.078125
2 0.4817708333333333 0.734375 0.022569444444444444 0.1076388888888889
2 0.375 0.2934027777777778 0.012152777777777778 0.0546875
2 0.4652777777777778 0.20399305555555555 0.013020833333333334 0.042534722222222224
0 0.8680555555555556 0.3342013888888889 0.006944444444444444 0.012152777777777778