2 0.3559027777777778 0.2404513888888889 0.011284722222222222 0.0390625
2 0.1987847222222222 0.2864583333333333 0.011284722222222222 0.043402777777777776
2 0.1831597222222222 0.3298611111111111 0.009548611111111112 0.0546875
2 0.24479166666666666 0.3619791666666667 0.011284722222222222 0.05295138888888889
2 0.1111111111111111 0.3446180555555556 0.011284722222222222 0.057291666666666664
2 0.2309027777777778 0.3706597222222222 0.012152777777777778 0.058159722222222224
2 0.6996527777777778 0.28125 0.010416666666666666 0.050347222222222224
2 0.10069444444444445 0.4383680555555556 0.016493055555555556 0.06597222222222222
2 0.4522569444444444 0.3168402777777778 0.012152777777777778 0.051215277777777776
1 0.8550347222222222 0.3463541666666667 0.013888888888888888 0.05381944444444445
2 0.4270833333333333 0.4027777777777778 0.016493055555555556 0.06336805555555555
2 0.4817708333333333 0.3993055555555556 0.016493055555555556 0.06336805555555555
2 0.2230902777777778 0.4635416666666667 0.014756944444444444 0.06770833333333333
2 0.5642361111111112 0.7022569444444444 0.019097222222222224 0.0920138888888889
2 0.8793402777777778 0.4470486111111111 0.013888888888888888 0.06597222222222222
3 0.3020833333333333 0.4184027777777778 0.016493055555555556 0.06770833333333333
2 0.4045138888888889 0.5052083333333334 0.016493055555555556 0.07291666666666667
2 0.15104166666666666 0.5243055555555556 0.016493055555555556 0.078125
2 0.08940972222222222 0.5243055555555556 0.019097222222222224 0.0798611111111111
2 0.05642361111111111 0.4704861111111111 0.015625 0.07465277777777778
2 0.2482638888888889 0.4782986111111111 0.020833333333333332 0.0685763888888889
2 0.20833333333333334 0.6605902777777778 0.026041666666666668 0.09461805555555555
0 0.7387152777777778 0.3506944444444444 0.005208333333333333 0.013020833333333334
3 0.12065972222222222 0.24479166666666666 0.008680555555555556 0.043402777777777776