2 0.2664930555555556 0.234375 0.009548611111111112 0.049479166666666664
2 0.3559027777777778 0.2092013888888889 0.012152777777777778 0.046875
2 0.2682291666666667 0.3324652777777778 0.013888888888888888 0.0546875
2 0.1232638888888889 0.3715277777777778 0.014756944444444444 0.0546875
2 0.3428819444444444 0.3107638888888889 0.010416666666666666 0.058159722222222224
2 0.12586805555555555 0.4210069444444444 0.015625 0.07291666666666667
2 0.6371527777777778 0.25 0.009548611111111112 0.052083333333333336
2 0.4045138888888889 0.2873263888888889 0.009548611111111112 0.05295138888888889
1 0.8723958333333334 0.3220486111111111 0.013020833333333334 0.058159722222222224
2 0.4817708333333333 0.3489583333333333 0.013020833333333334 0.06510416666666667
2 0.5095486111111112 0.2777777777777778 0.011284722222222222 0.05381944444444445
2 0.4487847222222222 0.3585069444444444 0.012152777777777778 0.059027777777777776
2 0.6640625 0.3559027777777778 0.018229166666666668 0.059895833333333336
2 0.1675347222222222 0.3168402777777778 0.017361111111111112 0.05642361111111111
3 0.2760416666666667 0.3793402777777778 0.014756944444444444 0.07118055555555555
2 0.13802083333333334 0.4626736111111111 0.016493055555555556 0.07899305555555555
2 0.4635416666666667 0.4609375 0.019965277777777776 0.07378472222222222
2 0.3142361111111111 0.3897569444444444 0.018229166666666668 0.06597222222222222
2 0.8263888888888888 0.4678819444444444 0.017361111111111112 0.07465277777777778
2 0.17881944444444445 0.4904513888888889 0.019097222222222224 0.0720486111111111
2 0.1579861111111111 0.5980902777777778 0.029513888888888888 0.0920138888888889
2 0.4895833333333333 0.7517361111111112 0.026909722222222224 0.10243055555555555
3 0.1953125 0.20399305555555555 0.012152777777777778 0.050347222222222224
0 0.6614583333333334 0.3671875 0.006076388888888889 0.011284722222222222