2 0.4539930555555556 0.3272569444444444 0.011284722222222222 0.0390625
2 0.4270833333333333 0.3255208333333333 0.012152777777777778 0.0390625
3 0.4756944444444444 0.3567708333333333 0.012152777777777778 0.042534722222222224
2 0.3194444444444444 0.3506944444444444 0.010416666666666666 0.04513888888888889
2 0.1857638888888889 0.4236111111111111 0.009548611111111112 0.0546875
2 0.5720486111111112 0.3567708333333333 0.008680555555555556 0.044270833333333336
2 0.6024305555555556 0.3550347222222222 0.010416666666666666 0.04600694444444445
2 0.21875 0.3645833333333333 0.008680555555555556 0.046875
1 0.9670138888888888 0.3628472222222222 0.011284722222222222 0.051215277777777776
2 0.3767361111111111 0.3793402777777778 0.011284722222222222 0.049479166666666664
2 0.5147569444444444 0.3984375 0.010416666666666666 0.04774305555555555
2 0.34375 0.4192708333333333 0.011284722222222222 0.05381944444444445
2 0.6727430555555556 0.421875 0.012152777777777778 0.059027777777777776
2 0.3697916666666667 0.4357638888888889 0.011284722222222222 0.059027777777777776
2 0.2456597222222222 0.6102430555555556 0.014756944444444444 0.08246527777777778
2 0.6414930555555556 0.4678819444444444 0.015625 0.06510416666666667
2 0.7170138888888888 0.5347222222222222 0.015625 0.06597222222222222
2 0.8038194444444444 0.6996527777777778 0.022569444444444444 0.09809027777777778
3 0.8975694444444444 0.7465277777777778 0.035590277777777776 0.0998263888888889
3 0.2586805555555556 0.2881944444444444 0.008680555555555556 0.035590277777777776
2 0.3272569444444444 0.3151041666666667 0.011284722222222222 0.034722222222222224
2 0.3515625 0.3151041666666667 0.015625 0.03732638888888889
0 0.4010416666666667 0.3368055555555556 0.004340277777777778 0.009548611111111112
2 0.5225694444444444 0.2873263888888889 0.013020833333333334 0.03732638888888889
2 0.5668402777777778 0.3046875 0.013020833333333334 0.036458333333333336