2 0.5173611111111112 0.2994791666666667 0.012152777777777778 0.03125
3 0.2855902777777778 0.2881944444444444 0.009548611111111112 0.036458333333333336
2 0.4192708333333333 0.3107638888888889 0.009548611111111112 0.028645833333333332
2 0.3914930555555556 0.3159722222222222 0.015625 0.03298611111111111
3 0.4800347222222222 0.3576388888888889 0.008680555555555556 0.041666666666666664
2 0.5737847222222222 0.3237847222222222 0.009548611111111112 0.03819444444444445
2 0.4010416666666667 0.3350694444444444 0.012152777777777778 0.03993055555555555
2 0.4366319444444444 0.3723958333333333 0.012152777777777778 0.04600694444444445
2 0.5928819444444444 0.3229166666666667 0.008680555555555556 0.04079861111111111
2 0.3064236111111111 0.3515625 0.010416666666666666 0.04513888888888889
2 0.5190972222222222 0.3663194444444444 0.009548611111111112 0.043402777777777776
1 0.9809027777777778 0.3689236111111111 0.010416666666666666 0.050347222222222224
2 0.19010416666666666 0.3619791666666667 0.009548611111111112 0.046875
2 0.2048611111111111 0.4305555555555556 0.015625 0.05555555555555555
2 0.6467013888888888 0.4479166666666667 0.012152777777777778 0.059027777777777776
2 0.4322916666666667 0.4053819444444444 0.012152777777777778 0.051215277777777776
2 0.4140625 0.4166666666666667 0.013888888888888888 0.05555555555555555
2 0.6857638888888888 0.4253472222222222 0.011284722222222222 0.059027777777777776
2 0.6710069444444444 0.5078125 0.017361111111111112 0.06163194444444445
2 0.2734375 0.59375 0.019097222222222224 0.0798611111111111
2 0.8298611111111112 0.6935763888888888 0.020833333333333332 0.09635416666666667
2 0.3993055555555556 0.3151041666666667 0.010416666666666666 0.034722222222222224
0 0.4114583333333333 0.3055555555555556 0.004340277777777778 0.0078125
2 0.4904513888888889 0.296875 0.010416666666666666 0.035590277777777776
3 0.8732638888888888 0.7690972222222222 0.030381944444444444 0.10850694444444445