1 0.11284722222222222 0.3732638888888889 0.011284722222222222 0.049479166666666664
2 0.3524305555555556 0.3064236111111111 0.006944444444444444 0.030381944444444444
2 0.3159722222222222 0.3498263888888889 0.008680555555555556 0.03732638888888889
3 0.9270833333333334 0.8003472222222222 0.04079861111111111 0.1076388888888889
2 0.8055555555555556 0.3697916666666667 0.010416666666666666 0.04079861111111111
2 0.3350694444444444 0.3515625 0.009548611111111112 0.04079861111111111
2 0.7847222222222222 0.3420138888888889 0.009548611111111112 0.03819444444444445
3 0.4973958333333333 0.3663194444444444 0.008680555555555556 0.04079861111111111
2 0.21788194444444445 0.3854166666666667 0.010416666666666666 0.046875
2 0.5034722222222222 0.2977430555555556 0.008680555555555556 0.03211805555555555
2 0.4895833333333333 0.3671875 0.008680555555555556 0.042534722222222224
2 0.5364583333333334 0.3159722222222222 0.008680555555555556 0.03298611111111111
2 0.6527777777777778 0.3706597222222222 0.009548611111111112 0.042534722222222224
2 0.546875 0.4383680555555556 0.014756944444444444 0.05295138888888889
2 0.5651041666666666 0.4427083333333333 0.012152777777777778 0.04774305555555555
2 0.1684027777777778 0.4861111111111111 0.013020833333333334 0.050347222222222224
2 0.2621527777777778 0.4157986111111111 0.013888888888888888 0.044270833333333336
2 0.453125 0.3949652777777778 0.010416666666666666 0.044270833333333336
2 0.8680555555555556 0.3984375 0.012152777777777778 0.04774305555555555
2 0.7725694444444444 0.4565972222222222 0.013888888888888888 0.059895833333333336
2 0.6302083333333334 0.5824652777777778 0.015625 0.06944444444444445
2 0.4861111111111111 0.6414930555555556 0.025173611111111112 0.0842013888888889
3 0.3932291666666667 0.2725694444444444 0.0078125 0.03211805555555555
2 0.3203125 0.3333333333333333 0.008680555555555556 0.042534722222222224
0 0.18229166666666666 0.5078125 0.006076388888888889 0.012152777777777778