2 0.24739583333333334 0.3255208333333333 0.006944444444444444 0.04079861111111111
1 0.2378472222222222 0.3315972222222222 0.011284722222222222 0.04079861111111111
2 0.4079861111111111 0.2855902777777778 0.008680555555555556 0.035590277777777776
2 0.2760416666666667 0.3211805555555556 0.008680555555555556 0.044270833333333336
2 0.2881944444444444 0.3072916666666667 0.0078125 0.0390625
2 0.3767361111111111 0.296875 0.008680555555555556 0.04079861111111111
2 0.4279513888888889 0.3428819444444444 0.008680555555555556 0.042534722222222224
3 0.4887152777777778 0.3211805555555556 0.008680555555555556 0.0390625
2 0.2699652777777778 0.3567708333333333 0.012152777777777778 0.04861111111111111
2 0.4383680555555556 0.3784722222222222 0.012152777777777778 0.050347222222222224
2 0.8107638888888888 0.3107638888888889 0.012152777777777778 0.03732638888888889
2 0.8819444444444444 0.3237847222222222 0.010416666666666666 0.042534722222222224
2 0.9192708333333334 0.3506944444444444 0.010416666666666666 0.04774305555555555
2 0.6649305555555556 0.3324652777777778 0.009548611111111112 0.04513888888888889
2 0.4947916666666667 0.4409722222222222 0.010416666666666666 0.049479166666666664
2 0.3298611111111111 0.4713541666666667 0.012152777777777778 0.057291666666666664
2 0.5677083333333334 0.3715277777777778 0.012152777777777778 0.04600694444444445
3 0.9253472222222222 0.8159722222222222 0.025173611111111112 0.11458333333333333
2 0.7239583333333334 0.4079861111111111 0.019097222222222224 0.05642361111111111
3 0.4036458333333333 0.24305555555555555 0.008680555555555556 0.03125
2 0.4253472222222222 0.2873263888888889 0.010416666666666666 0.034722222222222224
2 0.4288194444444444 0.3229166666666667 0.011284722222222222 0.03993055555555555