2 0.6519097222222222 0.2977430555555556 0.006944444444444444 0.026909722222222224
2 0.4973958333333333 0.2960069444444444 0.008680555555555556 0.03819444444444445
2 0.4322916666666667 0.3862847222222222 0.009548611111111112 0.049479166666666664
2 0.3767361111111111 0.2977430555555556 0.0078125 0.03211805555555555
3 0.5512152777777778 0.3567708333333333 0.006076388888888889 0.043402777777777776
2 0.4565972222222222 0.3585069444444444 0.0078125 0.04513888888888889
2 0.6102430555555556 0.3220486111111111 0.009548611111111112 0.043402777777777776
2 0.2899305555555556 0.3324652777777778 0.008680555555555556 0.04513888888888889
2 0.4427083333333333 0.3289930555555556 0.006944444444444444 0.043402777777777776
2 0.5772569444444444 0.3862847222222222 0.009548611111111112 0.04513888888888889
2 0.6883680555555556 0.3706597222222222 0.006944444444444444 0.04774305555555555
2 0.7256944444444444 0.3602430555555556 0.0078125 0.050347222222222224
2 0.7491319444444444 0.4088541666666667 0.010416666666666666 0.05642361111111111
2 0.4253472222222222 0.4010416666666667 0.014756944444444444 0.051215277777777776
2 0.2248263888888889 0.3914930555555556 0.009548611111111112 0.05295138888888889
2 0.7326388888888888 0.5034722222222222 0.014756944444444444 0.0703125
2 0.2230902777777778 0.5052083333333334 0.012152777777777778 0.06336805555555555
2 0.7039930555555556 0.6848958333333334 0.030381944444444444 0.09288194444444445
3 0.3168402777777778 0.2795138888888889 0.009548611111111112 0.033854166666666664
0 0.3289930555555556 0.3368055555555556 0.004340277777777778 0.010416666666666666
2 0.5789930555555556 0.2803819444444444 0.009548611111111112 0.03993055555555555