2 0.5121527777777778 0.3741319444444444 0.008680555555555556 0.03211805555555555
3 0.4878472222222222 0.4210069444444444 0.008680555555555556 0.03732638888888889
2 0.4557291666666667 0.3897569444444444 0.008680555555555556 0.0390625
2 0.734375 0.4600694444444444 0.011284722222222222 0.04774305555555555
2 0.7282986111111112 0.4322916666666667 0.010416666666666666 0.04600694444444445
2 0.6605902777777778 0.4192708333333333 0.009548611111111112 0.043402777777777776
2 0.7517361111111112 0.4539930555555556 0.011284722222222222 0.04600694444444445
2 0.2760416666666667 0.4392361111111111 0.009548611111111112 0.04600694444444445
2 0.6449652777777778 0.4071180555555556 0.009548611111111112 0.042534722222222224
2 0.5642361111111112 0.4105902777777778 0.010416666666666666 0.04079861111111111
2 0.2300347222222222 0.4366319444444444 0.0078125 0.04600694444444445
2 0.3715277777777778 0.4835069444444444 0.011284722222222222 0.05295138888888889
2 0.5763888888888888 0.484375 0.012152777777777778 0.04774305555555555
2 0.4149305555555556 0.4739583333333333 0.009548611111111112 0.050347222222222224
2 0.5598958333333334 0.4835069444444444 0.012152777777777778 0.049479166666666664
2 0.5373263888888888 0.4748263888888889 0.017361111111111112 0.042534722222222224
3 0.9444444444444444 0.5607638888888888 0.022569444444444444 0.058159722222222224
2 0.6597222222222222 0.5251736111111112 0.011284722222222222 0.0546875
2 0.1909722222222222 0.5755208333333334 0.021701388888888888 0.06336805555555555
2 0.2673611111111111 0.6067708333333334 0.015625 0.07118055555555555
2 0.3914930555555556 0.5798611111111112 0.019097222222222224 0.06510416666666667
1 0.7769097222222222 0.3741319444444444 0.011284722222222222 0.042534722222222224
2 0.7491319444444444 0.4357638888888889 0.010416666666666666 0.042534722222222224
0 0.5963541666666666 0.4869791666666667 0.006944444444444444 0.013888888888888888
3 0.1840277777777778 0.3307291666666667 0.010416666666666666 0.03298611111111111