2 0.6779513888888888 0.3897569444444444 0.013020833333333334 0.04079861111111111
2 0.6024305555555556 0.3671875 0.014756944444444444 0.03211805555555555
2 0.7699652777777778 0.4496527777777778 0.017361111111111112 0.04600694444444445
2 0.7387152777777778 0.4331597222222222 0.011284722222222222 0.0546875
2 0.8038194444444444 0.4505208333333333 0.013888888888888888 0.042534722222222224
2 0.7152777777777778 0.4357638888888889 0.009548611111111112 0.04774305555555555
2 0.6380208333333334 0.4053819444444444 0.013888888888888888 0.043402777777777776
2 0.5434027777777778 0.4140625 0.008680555555555556 0.03993055555555555
2 0.7248263888888888 0.4539930555555556 0.011284722222222222 0.046875
2 0.5303819444444444 0.4574652777777778 0.012152777777777778 0.051215277777777776
2 0.2743055555555556 0.5659722222222222 0.012152777777777778 0.06770833333333333
2 0.3454861111111111 0.4270833333333333 0.008680555555555556 0.04774305555555555
2 0.265625 0.5651041666666666 0.010416666666666666 0.06770833333333333
2 0.5963541666666666 0.4739583333333333 0.013888888888888888 0.0546875
2 0.7690972222222222 0.5017361111111112 0.009548611111111112 0.05555555555555555
2 0.3038194444444444 0.4288194444444444 0.014756944444444444 0.050347222222222224
2 0.4600694444444444 0.4748263888888889 0.017361111111111112 0.05642361111111111
2 0.4192708333333333 0.5590277777777778 0.013020833333333334 0.0703125
0 0.7604166666666666 0.3645833333333333 0.006076388888888889 0.011284722222222222
1 0.8133680555555556 0.3680555555555556 0.016493055555555556 0.042534722222222224
2 0.7699652777777778 0.4348958333333333 0.018229166666666668 0.0390625
2 0.7222222222222222 0.4105902777777778 0.012152777777777778 0.043402777777777776
2 0.5442708333333334 0.3914930555555556 0.013020833333333334 0.03732638888888889
3 0.22135416666666666 0.3177083333333333 0.0078125 0.033854166666666664