2 0.3715277777777778 0.3975694444444444 0.006944444444444444 0.03211805555555555
2 0.5763888888888888 0.4053819444444444 0.013020833333333334 0.033854166666666664
2 0.2743055555555556 0.4470486111111111 0.0078125 0.04513888888888889
3 0.4071180555555556 0.4496527777777778 0.012152777777777778 0.041666666666666664
2 0.4236111111111111 0.4001736111111111 0.008680555555555556 0.03125
1 0.7473958333333334 0.3897569444444444 0.008680555555555556 0.030381944444444444
2 0.6015625 0.453125 0.013888888888888888 0.04079861111111111
2 0.6588541666666666 0.5208333333333334 0.019097222222222224 0.050347222222222224
2 0.22135416666666666 0.453125 0.0078125 0.04600694444444445
3 0.796875 0.5989583333333334 0.0234375 0.0625
2 0.5451388888888888 0.4548611111111111 0.012152777777777778 0.042534722222222224
2 0.4809027777777778 0.5147569444444444 0.009548611111111112 0.052083333333333336
2 0.6467013888888888 0.4887152777777778 0.013888888888888888 0.051215277777777776
2 0.3342013888888889 0.5008680555555556 0.013888888888888888 0.05381944444444445
2 0.5043402777777778 0.5173611111111112 0.008680555555555556 0.04600694444444445
2 0.6015625 0.5590277777777778 0.012152777777777778 0.05555555555555555
2 0.3550347222222222 0.5112847222222222 0.014756944444444444 0.051215277777777776
2 0.5182291666666666 0.4965277777777778 0.011284722222222222 0.052083333333333336
2 0.3012152777777778 0.6310763888888888 0.014756944444444444 0.0685763888888889
2 0.1519097222222222 0.5876736111111112 0.011284722222222222 0.06076388888888889
2 0.3663194444444444 0.6319444444444444 0.016493055555555556 0.06944444444444445
2 0.5824652777777778 0.4409722222222222 0.013020833333333334 0.03732638888888889
2 0.5954861111111112 0.4114583333333333 0.011284722222222222 0.035590277777777776
3 0.2204861111111111 0.3376736111111111 0.0078125 0.030381944444444444