2 0.5295138888888888 0.3107638888888889 0.008680555555555556 0.03298611111111111
2 0.5911458333333334 0.3003472222222222 0.0078125 0.029513888888888888
2 0.4505208333333333 0.3064236111111111 0.013020833333333334 0.033854166666666664
2 0.5121527777777778 0.3159722222222222 0.009548611111111112 0.03211805555555555
3 0.5295138888888888 0.3559027777777778 0.013020833333333334 0.04079861111111111
2 0.4930555555555556 0.3619791666666667 0.013888888888888888 0.04079861111111111
2 0.6840277777777778 0.4375 0.018229166666666668 0.0546875
2 0.4765625 0.3298611111111111 0.013888888888888888 0.033854166666666664
2 0.7239583333333334 0.3272569444444444 0.013888888888888888 0.036458333333333336
2 0.3420138888888889 0.3550347222222222 0.014756944444444444 0.0390625
2 0.2881944444444444 0.3776041666666667 0.014756944444444444 0.04513888888888889
2 0.5894097222222222 0.3550347222222222 0.010416666666666666 0.03819444444444445
2 0.2951388888888889 0.3428819444444444 0.014756944444444444 0.044270833333333336
1 0.07725694444444445 0.3602430555555556 0.019097222222222224 0.04513888888888889
2 0.3003472222222222 0.4713541666666667 0.021701388888888888 0.050347222222222224
2 0.3819444444444444 0.4053819444444444 0.018229166666666668 0.049479166666666664
2 0.4626736111111111 0.3793402777777778 0.014756944444444444 0.044270833333333336
2 0.7829861111111112 0.4279513888888889 0.017361111111111112 0.058159722222222224
3 0.9826388888888888 0.8246527777777778 0.033854166666666664 0.1015625
2 0.7378472222222222 0.5164930555555556 0.024305555555555556 0.051215277777777776
2 0.7743055555555556 0.6614583333333334 0.030381944444444444 0.08854166666666667
0 0.4366319444444444 0.3185763888888889 0.005208333333333333 0.012152777777777778
3 0.3819444444444444 0.2795138888888889 0.010416666666666666 0.036458333333333336
2 0.4895833333333333 0.3046875 0.016493055555555556 0.035590277777777776
2 0.6970486111111112 0.3177083333333333 0.010416666666666666 0.04079861111111111