3 0.2899305555555556 0.2829861111111111 0.006076388888888889 0.036458333333333336
2 0.5833333333333334 0.2881944444444444 0.008680555555555556 0.03298611111111111
2 0.5425347222222222 0.3255208333333333 0.009548611111111112 0.044270833333333336
2 0.4019097222222222 0.3446180555555556 0.006944444444444444 0.03732638888888889
2 0.3585069444444444 0.3064236111111111 0.008680555555555556 0.035590277777777776
2 0.40625 0.3845486111111111 0.009548611111111112 0.050347222222222224
2 0.4947916666666667 0.3116319444444444 0.009548611111111112 0.035590277777777776
2 0.6388888888888888 0.3151041666666667 0.010416666666666666 0.03819444444444445
2 0.5477430555555556 0.3454861111111111 0.012152777777777778 0.042534722222222224
2 0.2760416666666667 0.3567708333333333 0.009548611111111112 0.04600694444444445
3 0.5164930555555556 0.3619791666666667 0.009548611111111112 0.042534722222222224
2 0.6458333333333334 0.3828125 0.009548611111111112 0.04774305555555555
2 0.5460069444444444 0.4296875 0.010416666666666666 0.05295138888888889
2 0.6762152777777778 0.375 0.011284722222222222 0.050347222222222224
2 0.7065972222222222 0.4973958333333333 0.010416666666666666 0.0685763888888889
2 0.3888888888888889 0.4583333333333333 0.012152777777777778 0.06076388888888889
2 0.3585069444444444 0.4184027777777778 0.015625 0.0546875
3 0.9305555555555556 0.7595486111111112 0.03819444444444445 0.11024305555555555
2 0.8342013888888888 0.7126736111111112 0.019965277777777776 0.09809027777777778
2 0.7534722222222222 0.5546875 0.013020833333333334 0.07118055555555555
2 0.7291666666666666 0.4375 0.014756944444444444 0.0642361111111111
2 0.19010416666666666 0.4157986111111111 0.011284722222222222 0.05555555555555555
2 0.22743055555555555 0.59375 0.019965277777777776 0.08246527777777778
0 0.2847222222222222 0.3776041666666667 0.004340277777777778 0.010416666666666666